# Tryck (kPa) Temp (°C) vol (m³/s)
3.3958e+00 -2.1631e+02 1.1203e-03
6.7916e+00 -2.1314e+02 1.1364e-03
1.0187e+01 -2.1110e+02 1.1472e-03
1.3583e+01 -2.0955e+02 1.1556e-03
1.6979e+01 -2.0829e+02 1.1625e-03
2.0375e+01 -2.0722e+02 1.1686e-03
2.3771e+01 -2.0629e+02 1.1740e-03
2.7166e+01 -2.0545e+02 1.1788e-03
3.0562e+01 -2.0470e+02 1.1833e-03
3.3958e+01 -2.0400e+02 1.1874e-03
3.7354e+01 -2.0336e+02 1.1913e-03
4.0750e+01 -2.0277e+02 1.1949e-03
4.4145e+01 -2.0221e+02 1.1984e-03
4.7541e+01 -2.0169e+02 1.2016e-03
5.0937e+01 -2.0119e+02 1.2048e-03
5.4333e+01 -2.0072e+02 1.2077e-03
5.7729e+01 -2.0027e+02 1.2106e-03
6.1124e+01 -1.9984e+02 1.2134e-03
6.4520e+01 -1.9943e+02 1.2160e-03
6.7916e+01 -1.9904e+02 1.2186e-03
7.1312e+01 -1.9866e+02 1.2211e-03
7.4708e+01 -1.9829e+02 1.2235e-03
7.8103e+01 -1.9794e+02 1.2259e-03
8.1499e+01 -1.9760e+02 1.2282e-03
8.4895e+01 -1.9727e+02 1.2304e-03
8.8291e+01 -1.9694e+02 1.2326e-03
9.1687e+01 -1.9663e+02 1.2348e-03
9.5082e+01 -1.9633e+02 1.2368e-03
9.8478e+01 -1.9604e+02 1.2389e-03
1.0187e+02 -1.9575e+02 1.2409e-03
1.0527e+02 -1.9547e+02 1.2428e-03
1.0867e+02 -1.9520e+02 1.2448e-03
1.1206e+02 -1.9493e+02 1.2467e-03
1.1546e+02 -1.9467e+02 1.2485e-03
1.1885e+02 -1.9442e+02 1.2503e-03
1.2225e+02 -1.9417e+02 1.2521e-03
1.2564e+02 -1.9392e+02 1.2539e-03
1.2904e+02 -1.9368e+02 1.2556e-03
1.3244e+02 -1.9345e+02 1.2573e-03
1.3583e+02 -1.9322e+02 1.2590e-03
1.3923e+02 -1.9299e+02 1.2607e-03
1.4262e+02 -1.9277e+02 1.2623e-03
1.4602e+02 -1.9256e+02 1.2640e-03
1.4942e+02 -1.9234e+02 1.2656e-03
1.5281e+02 -1.9213e+02 1.2671e-03
1.5621e+02 -1.9193e+02 1.2687e-03
1.5960e+02 -1.9172e+02 1.2702e-03
1.6300e+02 -1.9152e+02 1.2718e-03
1.6639e+02 -1.9133e+02 1.2733e-03
1.6979e+02 -1.9113e+02 1.2747e-03
1.7319e+02 -1.9094e+02 1.2762e-03
1.7658e+02 -1.9075e+02 1.2777e-03
1.7998e+02 -1.9057e+02 1.2791e-03
1.8337e+02 -1.9038e+02 1.2805e-03
1.8677e+02 -1.9020e+02 1.2820e-03
1.9016e+02 -1.9003e+02 1.2834e-03
1.9356e+02 -1.8985e+02 1.2847e-03
1.9696e+02 -1.8968e+02 1.2861e-03
2.0035e+02 -1.8951e+02 1.2875e-03
2.0375e+02 -1.8934e+02 1.2888e-03
2.0714e+02 -1.8917e+02 1.2902e-03
2.1054e+02 -1.8901e+02 1.2915e-03
2.1394e+02 -1.8884e+02 1.2928e-03
2.1733e+02 -1.8868e+02 1.2941e-03
2.2073e+02 -1.8852e+02 1.2954e-03
2.2412e+02 -1.8837e+02 1.2967e-03
2.2752e+02 -1.8821e+02 1.2980e-03
2.3091e+02 -1.8806e+02 1.2992e-03
2.3431e+02 -1.8791e+02 1.3005e-03
2.3771e+02 -1.8775e+02 1.3017e-03
2.4110e+02 -1.8761e+02 1.3030e-03
2.4450e+02 -1.8746e+02 1.3042e-03
2.4789e+02 -1.8731e+02 1.3054e-03
2.5129e+02 -1.8717e+02 1.3066e-03
2.5469e+02 -1.8703e+02 1.3078e-03
2.5808e+02 -1.8688e+02 1.3090e-03
2.6148e+02 -1.8674e+02 1.3102e-03
2.6487e+02 -1.8661e+02 1.3114e-03
2.6827e+02 -1.8647e+02 1.3126e-03
2.7166e+02 -1.8633e+02 1.3138e-03
2.7506e+02 -1.8620e+02 1.3149e-03
2.7846e+02 -1.8606e+02 1.3161e-03
2.8185e+02 -1.8593e+02 1.3172e-03
2.8525e+02 -1.8580e+02 1.3184e-03
2.8864e+02 -1.8567e+02 1.3195e-03
2.9204e+02 -1.8554e+02 1.3206e-03
2.9543e+02 -1.8541e+02 1.3218e-03
2.9883e+02 -1.8529e+02 1.3229e-03
3.0223e+02 -1.8516e+02 1.3240e-03
3.0562e+02 -1.8504e+02 1.3251e-03
3.0902e+02 -1.8491e+02 1.3262e-03
3.1241e+02 -1.8479e+02 1.3273e-03
3.1581e+02 -1.8467e+02 1.3284e-03
3.1921e+02 -1.8455e+02 1.3295e-03
3.2260e+02 -1.8443e+02 1.3305e-03
3.2600e+02 -1.8431e+02 1.3316e-03
3.2939e+02 -1.8419e+02 1.3327e-03
3.3279e+02 -1.8407e+02 1.3337e-03
3.3618e+02 -1.8396e+02 1.3348e-03
3.3958e+02 -1.8384e+02 1.3359e-03
3.4298e+02 -1.8373e+02 1.3369e-03
3.4637e+02 -1.8361e+02 1.3379e-03
3.4977e+02 -1.8350e+02 1.3390e-03
3.5316e+02 -1.8339e+02 1.3400e-03
3.5656e+02 -1.8328e+02 1.3411e-03
3.5995e+02 -1.8317e+02 1.3421e-03
3.6335e+02 -1.8306e+02 1.3431e-03
3.6675e+02 -1.8295e+02 1.3441e-03
3.7014e+02 -1.8284e+02 1.3451e-03
3.7354e+02 -1.8273e+02 1.3462e-03
3.7693e+02 -1.8262e+02 1.3472e-03
3.8033e+02 -1.8252e+02 1.3482e-03
3.8373e+02 -1.8241e+02 1.3492e-03
3.8712e+02 -1.8231e+02 1.3502e-03
3.9052e+02 -1.8220e+02 1.3512e-03
3.9391e+02 -1.8210e+02 1.3522e-03
3.9731e+02 -1.8200e+02 1.3531e-03
4.0070e+02 -1.8190e+02 1.3541e-03
4.0410e+02 -1.8179e+02 1.3551e-03
4.0750e+02 -1.8169e+02 1.3561e-03
4.1089e+02 -1.8159e+02 1.3571e-03
4.1429e+02 -1.8149e+02 1.3580e-03
4.1768e+02 -1.8139e+02 1.3590e-03
4.2108e+02 -1.8130e+02 1.3600e-03
4.2448e+02 -1.8120e+02 1.3609e-03
4.2787e+02 -1.8110e+02 1.3619e-03
4.3127e+02 -1.8100e+02 1.3628e-03
4.3466e+02 -1.8091e+02 1.3638e-03
4.3806e+02 -1.8081e+02 1.3647e-03
4.4145e+02 -1.8072e+02 1.3657e-03
4.4485e+02 -1.8062e+02 1.3666e-03
4.4825e+02 -1.8053e+02 1.3676e-03
4.5164e+02 -1.8043e+02 1.3685e-03
4.5504e+02 -1.8034e+02 1.3694e-03
4.5843e+02 -1.8025e+02 1.3704e-03
4.6183e+02 -1.8016e+02 1.3713e-03
4.6522e+02 -1.8007e+02 1.3722e-03
4.6862e+02 -1.7997e+02 1.3732e-03
4.7202e+02 -1.7988e+02 1.3741e-03
4.7541e+02 -1.7979e+02 1.3750e-03
4.7881e+02 -1.7970e+02 1.3759e-03
4.8220e+02 -1.7962e+02 1.3768e-03
4.8560e+02 -1.7953e+02 1.3778e-03
4.8900e+02 -1.7944e+02 1.3787e-03
4.9239e+02 -1.7935e+02 1.3796e-03
4.9579e+02 -1.7926e+02 1.3805e-03
4.9918e+02 -1.7918e+02 1.3814e-03
5.0258e+02 -1.7909e+02 1.3823e-03
5.0597e+02 -1.7900e+02 1.3832e-03
5.0937e+02 -1.7892e+02 1.3841e-03
5.1277e+02 -1.7883e+02 1.3850e-03
5.1616e+02 -1.7875e+02 1.3859e-03
5.1956e+02 -1.7866e+02 1.3868e-03
5.2295e+02 -1.7858e+02 1.3877e-03
5.2635e+02 -1.7850e+02 1.3886e-03
5.2974e+02 -1.7841e+02 1.3894e-03
5.3314e+02 -1.7833e+02 1.3903e-03
5.3654e+02 -1.7825e+02 1.3912e-03
5.3993e+02 -1.7816e+02 1.3921e-03
5.4333e+02 -1.7808e+02 1.3930e-03
5.4672e+02 -1.7800e+02 1.3939e-03
5.5012e+02 -1.7792e+02 1.3947e-03
5.5352e+02 -1.7784e+02 1.3956e-03
5.5691e+02 -1.7776e+02 1.3965e-03
5.6031e+02 -1.7768e+02 1.3973e-03
5.6370e+02 -1.7760e+02 1.3982e-03
5.6710e+02 -1.7752e+02 1.3991e-03
5.7049e+02 -1.7744e+02 1.4000e-03
5.7389e+02 -1.7736e+02 1.4008e-03
5.7729e+02 -1.7728e+02 1.4017e-03
5.8068e+02 -1.7721e+02 1.4025e-03
5.8408e+02 -1.7713e+02 1.4034e-03
5.8747e+02 -1.7705e+02 1.4043e-03
5.9087e+02 -1.7697e+02 1.4051e-03
5.9427e+02 -1.7690e+02 1.4060e-03
5.9766e+02 -1.7682e+02 1.4068e-03
6.0106e+02 -1.7675e+02 1.4077e-03
6.0445e+02 -1.7667e+02 1.4085e-03
6.0785e+02 -1.7659e+02 1.4094e-03
6.1124e+02 -1.7652e+02 1.4102e-03
6.1464e+02 -1.7645e+02 1.4111e-03
6.1804e+02 -1.7637e+02 1.4119e-03
6.2143e+02 -1.7630e+02 1.4128e-03
6.2483e+02 -1.7622e+02 1.4136e-03
6.2822e+02 -1.7615e+02 1.4145e-03
6.3162e+02 -1.7608e+02 1.4153e-03
6.3501e+02 -1.7600e+02 1.4161e-03
6.3841e+02 -1.7593e+02 1.4170e-03
6.4181e+02 -1.7586e+02 1.4178e-03
6.4520e+02 -1.7579e+02 1.4186e-03
6.4860e+02 -1.7571e+02 1.4195e-03
6.5199e+02 -1.7564e+02 1.4203e-03
6.5539e+02 -1.7557e+02 1.4211e-03
6.5879e+02 -1.7550e+02 1.4220e-03
6.6218e+02 -1.7543e+02 1.4228e-03
6.6558e+02 -1.7536e+02 1.4236e-03
6.6897e+02 -1.7529e+02 1.4245e-03
6.7237e+02 -1.7522e+02 1.4253e-03
6.7576e+02 -1.7515e+02 1.4261e-03
6.7916e+02 -1.7508e+02 1.4269e-03
6.8256e+02 -1.7501e+02 1.4278e-03
6.8595e+02 -1.7494e+02 1.4286e-03
6.8935e+02 -1.7487e+02 1.4294e-03
6.9274e+02 -1.7480e+02 1.4302e-03
6.9614e+02 -1.7473e+02 1.4311e-03
6.9953e+02 -1.7467e+02 1.4319e-03
7.0293e+02 -1.7460e+02 1.4327e-03
7.0633e+02 -1.7453e+02 1.4335e-03
7.0972e+02 -1.7446e+02 1.4343e-03
7.1312e+02 -1.7440e+02 1.4351e-03
7.1651e+02 -1.7433e+02 1.4360e-03
7.1991e+02 -1.7426e+02 1.4368e-03
7.2331e+02 -1.7420e+02 1.4376e-03
7.2670e+02 -1.7413e+02 1.4384e-03
7.3010e+02 -1.7406e+02 1.4392e-03
7.3349e+02 -1.7400e+02 1.4400e-03
7.3689e+02 -1.7393e+02 1.4408e-03
7.4028e+02 -1.7387e+02 1.4416e-03
7.4368e+02 -1.7380e+02 1.4424e-03
7.4708e+02 -1.7374e+02 1.4433e-03
7.5047e+02 -1.7367e+02 1.4441e-03
7.5387e+02 -1.7361e+02 1.4449e-03
7.5726e+02 -1.7354e+02 1.4457e-03
7.6066e+02 -1.7348e+02 1.4465e-03
7.6406e+02 -1.7342e+02 1.4473e-03
7.6745e+02 -1.7335e+02 1.4481e-03
7.7085e+02 -1.7329e+02 1.4489e-03
7.7424e+02 -1.7322e+02 1.4497e-03
7.7764e+02 -1.7316e+02 1.4505e-03
7.8103e+02 -1.7310e+02 1.4513e-03
7.8443e+02 -1.7304e+02 1.4521e-03
7.8783e+02 -1.7297e+02 1.4529e-03
7.9122e+02 -1.7291e+02 1.4537e-03
7.9462e+02 -1.7285e+02 1.4545e-03
7.9801e+02 -1.7279e+02 1.4553e-03
8.0141e+02 -1.7273e+02 1.4561e-03
8.0480e+02 -1.7266e+02 1.4569e-03
8.0820e+02 -1.7260e+02 1.4577e-03
8.1160e+02 -1.7254e+02 1.4585e-03
8.1499e+02 -1.7248e+02 1.4593e-03
8.1839e+02 -1.7242e+02 1.4600e-03
8.2178e+02 -1.7236e+02 1.4608e-03
8.2518e+02 -1.7230e+02 1.4616e-03
8.2858e+02 -1.7224e+02 1.4624e-03
8.3197e+02 -1.7218e+02 1.4632e-03
8.3537e+02 -1.7212e+02 1.4640e-03
8.3876e+02 -1.7206e+02 1.4648e-03
8.4216e+02 -1.7200e+02 1.4656e-03
8.4555e+02 -1.7194e+02 1.4664e-03
8.4895e+02 -1.7188e+02 1.4672e-03
8.5235e+02 -1.7182e+02 1.4680e-03
8.5574e+02 -1.7176e+02 1.4687e-03
8.5914e+02 -1.7170e+02 1.4695e-03
8.6253e+02 -1.7165e+02 1.4703e-03
8.6593e+02 -1.7159e+02 1.4711e-03
8.6932e+02 -1.7153e+02 1.4719e-03
8.7272e+02 -1.7147e+02 1.4727e-03
8.7612e+02 -1.7141e+02 1.4735e-03
8.7951e+02 -1.7136e+02 1.4742e-03
8.8291e+02 -1.7130e+02 1.4750e-03
8.8630e+02 -1.7124e+02 1.4758e-03
8.8970e+02 -1.7118e+02 1.4766e-03
8.9310e+02 -1.7113e+02 1.4774e-03
8.9649e+02 -1.7107e+02 1.4782e-03
8.9989e+02 -1.7101e+02 1.4789e-03
9.0328e+02 -1.7096e+02 1.4797e-03
9.0668e+02 -1.7090e+02 1.4805e-03
9.1007e+02 -1.7084e+02 1.4813e-03
9.1347e+02 -1.7079e+02 1.4821e-03
9.1687e+02 -1.7073e+02 1.4829e-03
9.2026e+02 -1.7067e+02 1.4836e-03
9.2366e+02 -1.7062e+02 1.4844e-03
9.2705e+02 -1.7056e+02 1.4852e-03
9.3045e+02 -1.7051e+02 1.4860e-03
9.3385e+02 -1.7045e+02 1.4868e-03
9.3724e+02 -1.7040e+02 1.4875e-03
9.4064e+02 -1.7034e+02 1.4883e-03
9.4403e+02 -1.7029e+02 1.4891e-03
9.4743e+02 -1.7023e+02 1.4899e-03
9.5082e+02 -1.7018e+02 1.4906e-03
9.5422e+02 -1.7012e+02 1.4914e-03
9.5762e+02 -1.7007e+02 1.4922e-03
9.6101e+02 -1.7002e+02 1.4930e-03
9.6441e+02 -1.6996e+02 1.4938e-03
9.6780e+02 -1.6991e+02 1.4945e-03
9.7120e+02 -1.6985e+02 1.4953e-03
9.7459e+02 -1.6980e+02 1.4961e-03
9.7799e+02 -1.6975e+02 1.4969e-03
9.8139e+02 -1.6969e+02 1.4976e-03
9.8478e+02 -1.6964e+02 1.4984e-03
9.8818e+02 -1.6959e+02 1.4992e-03
9.9157e+02 -1.6953e+02 1.5000e-03
9.9497e+02 -1.6948e+02 1.5007e-03
9.9837e+02 -1.6943e+02 1.5015e-03
1.0018e+03 -1.6938e+02 1.5023e-03
1.0052e+03 -1.6932e+02 1.5031e-03
1.0086e+03 -1.6927e+02 1.5038e-03
1.0119e+03 -1.6922e+02 1.5046e-03
1.0153e+03 -1.6917e+02 1.5054e-03
1.0187e+03 -1.6911e+02 1.5062e-03
1.0221e+03 -1.6906e+02 1.5069e-03
1.0255e+03 -1.6901e+02 1.5077e-03
1.0289e+03 -1.6896e+02 1.5085e-03
1.0323e+03 -1.6891e+02 1.5093e-03
1.0357e+03 -1.6886e+02 1.5100e-03
1.0391e+03 -1.6881e+02 1.5108e-03
1.0425e+03 -1.6875e+02 1.5116e-03
1.0459e+03 -1.6870e+02 1.5124e-03
1.0493e+03 -1.6865e+02 1.5131e-03
1.0527e+03 -1.6860e+02 1.5139e-03
1.0561e+03 -1.6855e+02 1.5147e-03
1.0595e+03 -1.6850e+02 1.5155e-03
1.0629e+03 -1.6845e+02 1.5162e-03
1.0663e+03 -1.6840e+02 1.5170e-03
1.0697e+03 -1.6835e+02 1.5178e-03
1.0731e+03 -1.6830e+02 1.5185e-03
1.0765e+03 -1.6825e+02 1.5193e-03
1.0799e+03 -1.6820e+02 1.5201e-03
1.0833e+03 -1.6815e+02 1.5209e-03
1.0867e+03 -1.6810e+02 1.5216e-03
1.0901e+03 -1.6805e+02 1.5224e-03
1.0934e+03 -1.6800e+02 1.5232e-03
1.0968e+03 -1.6795e+02 1.5240e-03
1.1002e+03 -1.6790e+02 1.5247e-03
1.1036e+03 -1.6785e+02 1.5255e-03
1.1070e+03 -1.6781e+02 1.5263e-03
1.1104e+03 -1.6776e+02 1.5270e-03
1.1138e+03 -1.6771e+02 1.5278e-03
1.1172e+03 -1.6766e+02 1.5286e-03
1.1206e+03 -1.6761e+02 1.5294e-03
1.1240e+03 -1.6756e+02 1.5301e-03
1.1274e+03 -1.6751e+02 1.5309e-03
1.1308e+03 -1.6747e+02 1.5317e-03
1.1342e+03 -1.6742e+02 1.5325e-03
1.1376e+03 -1.6737e+02 1.5332e-03
1.1410e+03 -1.6732e+02 1.5340e-03
1.1444e+03 -1.6727e+02 1.5348e-03
1.1478e+03 -1.6723e+02 1.5356e-03
1.1512e+03 -1.6718e+02 1.5363e-03
1.1546e+03 -1.6713e+02 1.5371e-03
1.1580e+03 -1.6708e+02 1.5379e-03
1.1614e+03 -1.6704e+02 1.5387e-03
1.1648e+03 -1.6699e+02 1.5394e-03
1.1682e+03 -1.6694e+02 1.5402e-03
1.1716e+03 -1.6690e+02 1.5410e-03
1.1749e+03 -1.6685e+02 1.5418e-03
1.1783e+03 -1.6680e+02 1.5425e-03
1.1817e+03 -1.6676e+02 1.5433e-03
1.1851e+03 -1.6671e+02 1.5441e-03
1.1885e+03 -1.6666e+02 1.5449e-03
1.1919e+03 -1.6662e+02 1.5456e-03
1.1953e+03 -1.6657e+02 1.5464e-03
1.1987e+03 -1.6652e+02 1.5472e-03
1.2021e+03 -1.6648e+02 1.5480e-03
1.2055e+03 -1.6643e+02 1.5487e-03
1.2089e+03 -1.6639e+02 1.5495e-03
1.2123e+03 -1.6634e+02 1.5503e-03
1.2157e+03 -1.6629e+02 1.5511e-03
1.2191e+03 -1.6625e+02 1.5518e-03
1.2225e+03 -1.6620e+02 1.5526e-03
1.2259e+03 -1.6616e+02 1.5534e-03
1.2293e+03 -1.6611e+02 1.5542e-03
1.2327e+03 -1.6607e+02 1.5550e-03
1.2361e+03 -1.6602e+02 1.5557e-03
1.2395e+03 -1.6598e+02 1.5565e-03
1.2429e+03 -1.6593e+02 1.5573e-03
1.2463e+03 -1.6589e+02 1.5581e-03
1.2497e+03 -1.6584e+02 1.5588e-03
1.2531e+03 -1.6580e+02 1.5596e-03
1.2564e+03 -1.6575e+02 1.5604e-03
1.2598e+03 -1.6571e+02 1.5612e-03
1.2632e+03 -1.6566e+02 1.5620e-03
1.2666e+03 -1.6562e+02 1.5627e-03
1.2700e+03 -1.6557e+02 1.5635e-03
1.2734e+03 -1.6553e+02 1.5643e-03
1.2768e+03 -1.6549e+02 1.5651e-03
1.2802e+03 -1.6544e+02 1.5659e-03
1.2836e+03 -1.6540e+02 1.5667e-03
1.2870e+03 -1.6535e+02 1.5674e-03
1.2904e+03 -1.6531e+02 1.5682e-03
1.2938e+03 -1.6527e+02 1.5690e-03
1.2972e+03 -1.6522e+02 1.5698e-03
1.3006e+03 -1.6518e+02 1.5706e-03
1.3040e+03 -1.6514e+02 1.5713e-03
1.3074e+03 -1.6509e+02 1.5721e-03
1.3108e+03 -1.6505e+02 1.5729e-03
1.3142e+03 -1.6501e+02 1.5737e-03
1.3176e+03 -1.6496e+02 1.5745e-03
1.3210e+03 -1.6492e+02 1.5753e-03
1.3244e+03 -1.6488e+02 1.5761e-03
1.3278e+03 -1.6483e+02 1.5768e-03
1.3312e+03 -1.6479e+02 1.5776e-03
1.3345e+03 -1.6475e+02 1.5784e-03
1.3379e+03 -1.6470e+02 1.5792e-03
1.3413e+03 -1.6466e+02 1.5800e-03
1.3447e+03 -1.6462e+02 1.5808e-03
1.3481e+03 -1.6458e+02 1.5816e-03
1.3515e+03 -1.6453e+02 1.5824e-03
1.3549e+03 -1.6449e+02 1.5831e-03
1.3583e+03 -1.6445e+02 1.5839e-03
1.3617e+03 -1.6441e+02 1.5847e-03
1.3651e+03 -1.6437e+02 1.5855e-03
1.3685e+03 -1.6432e+02 1.5863e-03
1.3719e+03 -1.6428e+02 1.5871e-03
1.3753e+03 -1.6424e+02 1.5879e-03
1.3787e+03 -1.6420e+02 1.5887e-03
1.3821e+03 -1.6416e+02 1.5895e-03
1.3855e+03 -1.6411e+02 1.5903e-03
1.3889e+03 -1.6407e+02 1.5910e-03
1.3923e+03 -1.6403e+02 1.5918e-03
1.3957e+03 -1.6399e+02 1.5926e-03
1.3991e+03 -1.6395e+02 1.5934e-03
1.4025e+03 -1.6391e+02 1.5942e-03
1.4059e+03 -1.6387e+02 1.5950e-03
1.4093e+03 -1.6382e+02 1.5958e-03
1.4127e+03 -1.6378e+02 1.5966e-03
1.4160e+03 -1.6374e+02 1.5974e-03
1.4194e+03 -1.6370e+02 1.5982e-03
1.4228e+03 -1.6366e+02 1.5990e-03
1.4262e+03 -1.6362e+02 1.5998e-03
1.4296e+03 -1.6358e+02 1.6006e-03
1.4330e+03 -1.6354e+02 1.6014e-03
1.4364e+03 -1.6350e+02 1.6022e-03
1.4398e+03 -1.6346e+02 1.6030e-03
1.4432e+03 -1.6342e+02 1.6038e-03
1.4466e+03 -1.6338e+02 1.6046e-03
1.4500e+03 -1.6334e+02 1.6054e-03
1.4534e+03 -1.6330e+02 1.6062e-03
1.4568e+03 -1.6326e+02 1.6070e-03
1.4602e+03 -1.6322e+02 1.6078e-03
1.4636e+03 -1.6318e+02 1.6086e-03
1.4670e+03 -1.6314e+02 1.6094e-03
1.4704e+03 -1.6310e+02 1.6102e-03
1.4738e+03 -1.6306e+02 1.6110e-03
1.4772e+03 -1.6302e+02 1.6118e-03
1.4806e+03 -1.6298e+02 1.6126e-03
1.4840e+03 -1.6294e+02 1.6134e-03
1.4874e+03 -1.6290e+02 1.6142e-03
1.4908e+03 -1.6286e+02 1.6150e-03
1.4942e+03 -1.6282e+02 1.6159e-03
1.4975e+03 -1.6278e+02 1.6167e-03
1.5009e+03 -1.6274e+02 1.6175e-03
1.5043e+03 -1.6270e+02 1.6183e-03
1.5077e+03 -1.6266e+02 1.6191e-03
1.5111e+03 -1.6262e+02 1.6199e-03
1.5145e+03 -1.6258e+02 1.6207e-03
1.5179e+03 -1.6254e+02 1.6215e-03
1.5213e+03 -1.6251e+02 1.6223e-03
1.5247e+03 -1.6247e+02 1.6232e-03
1.5281e+03 -1.6243e+02 1.6240e-03
1.5315e+03 -1.6239e+02 1.6248e-03
1.5349e+03 -1.6235e+02 1.6256e-03
1.5383e+03 -1.6231e+02 1.6264e-03
1.5417e+03 -1.6227e+02 1.6272e-03
1.5451e+03 -1.6223e+02 1.6281e-03
1.5485e+03 -1.6220e+02 1.6289e-03
1.5519e+03 -1.6216e+02 1.6297e-03
1.5553e+03 -1.6212e+02 1.6305e-03
1.5587e+03 -1.6208e+02 1.6313e-03
1.5621e+03 -1.6204e+02 1.6321e-03
1.5655e+03 -1.6200e+02 1.6330e-03
1.5689e+03 -1.6197e+02 1.6338e-03
1.5723e+03 -1.6193e+02 1.6346e-03
1.5757e+03 -1.6189e+02 1.6354e-03
1.5790e+03 -1.6185e+02 1.6363e-03
1.5824e+03 -1.6181e+02 1.6371e-03
1.5858e+03 -1.6178e+02 1.6379e-03
1.5892e+03 -1.6174e+02 1.6387e-03
1.5926e+03 -1.6170e+02 1.6396e-03
1.5960e+03 -1.6166e+02 1.6404e-03
1.5994e+03 -1.6163e+02 1.6412e-03
1.6028e+03 -1.6159e+02 1.6420e-03
1.6062e+03 -1.6155e+02 1.6429e-03
1.6096e+03 -1.6151e+02 1.6437e-03
1.6130e+03 -1.6148e+02 1.6445e-03
1.6164e+03 -1.6144e+02 1.6454e-03
1.6198e+03 -1.6140e+02 1.6462e-03
1.6232e+03 -1.6137e+02 1.6470e-03
1.6266e+03 -1.6133e+02 1.6479e-03
1.6300e+03 -1.6129e+02 1.6487e-03
1.6334e+03 -1.6125e+02 1.6495e-03
1.6368e+03 -1.6122e+02 1.6504e-03
1.6402e+03 -1.6118e+02 1.6512e-03
1.6436e+03 -1.6114e+02 1.6520e-03
1.6470e+03 -1.6111e+02 1.6529e-03
1.6504e+03 -1.6107e+02 1.6537e-03
1.6538e+03 -1.6103e+02 1.6546e-03
1.6572e+03 -1.6100e+02 1.6554e-03
1.6605e+03 -1.6096e+02 1.6562e-03
1.6639e+03 -1.6092e+02 1.6571e-03
1.6673e+03 -1.6089e+02 1.6579e-03
1.6707e+03 -1.6085e+02 1.6588e-03
1.6741e+03 -1.6081e+02 1.6596e-03
1.6775e+03 -1.6078e+02 1.6605e-03
1.6809e+03 -1.6074e+02 1.6613e-03
1.6843e+03 -1.6071e+02 1.6622e-03
1.6877e+03 -1.6067e+02 1.6630e-03
1.6911e+03 -1.6063e+02 1.6639e-03
1.6945e+03 -1.6060e+02 1.6647e-03
1.6979e+03 -1.6056e+02 1.6656e-03
1.7013e+03 -1.6053e+02 1.6664e-03
1.7047e+03 -1.6049e+02 1.6673e-03
1.7081e+03 -1.6045e+02 1.6681e-03
1.7115e+03 -1.6042e+02 1.6690e-03
1.7149e+03 -1.6038e+02 1.6698e-03
1.7183e+03 -1.6035e+02 1.6707e-03
1.7217e+03 -1.6031e+02 1.6715e-03
1.7251e+03 -1.6028e+02 1.6724e-03
1.7285e+03 -1.6024e+02 1.6733e-03
1.7319e+03 -1.6020e+02 1.6741e-03
1.7353e+03 -1.6017e+02 1.6750e-03
1.7386e+03 -1.6013e+02 1.6758e-03
1.7420e+03 -1.6010e+02 1.6767e-03
1.7454e+03 -1.6006e+02 1.6776e-03
1.7488e+03 -1.6003e+02 1.6784e-03
1.7522e+03 -1.5999e+02 1.6793e-03
1.7556e+03 -1.5996e+02 1.6802e-03
1.7590e+03 -1.5992e+02 1.6810e-03
1.7624e+03 -1.5989e+02 1.6819e-03
1.7658e+03 -1.5985e+02 1.6828e-03
1.7692e+03 -1.5982e+02 1.6836e-03
1.7726e+03 -1.5978e+02 1.6845e-03
1.7760e+03 -1.5975e+02 1.6854e-03
1.7794e+03 -1.5971e+02 1.6863e-03
1.7828e+03 -1.5968e+02 1.6871e-03
1.7862e+03 -1.5964e+02 1.6880e-03
1.7896e+03 -1.5961e+02 1.6889e-03
1.7930e+03 -1.5957e+02 1.6898e-03
1.7964e+03 -1.5954e+02 1.6906e-03
1.7998e+03 -1.5951e+02 1.6915e-03
1.8032e+03 -1.5947e+02 1.6924e-03
1.8066e+03 -1.5944e+02 1.6933e-03
1.8100e+03 -1.5940e+02 1.6942e-03
1.8134e+03 -1.5937e+02 1.6950e-03
1.8168e+03 -1.5933e+02 1.6959e-03
1.8201e+03 -1.5930e+02 1.6968e-03
1.8235e+03 -1.5927e+02 1.6977e-03
1.8269e+03 -1.5923e+02 1.6986e-03
1.8303e+03 -1.5920e+02 1.6995e-03
1.8337e+03 -1.5916e+02 1.7004e-03
1.8371e+03 -1.5913e+02 1.7013e-03
1.8405e+03 -1.5910e+02 1.7022e-03
1.8439e+03 -1.5906e+02 1.7030e-03
1.8473e+03 -1.5903e+02 1.7039e-03
1.8507e+03 -1.5899e+02 1.7048e-03
1.8541e+03 -1.5896e+02 1.7057e-03
1.8575e+03 -1.5893e+02 1.7066e-03
1.8609e+03 -1.5889e+02 1.7075e-03
1.8643e+03 -1.5886e+02 1.7084e-03
1.8677e+03 -1.5883e+02 1.7093e-03
1.8711e+03 -1.5879e+02 1.7102e-03
1.8745e+03 -1.5876e+02 1.7111e-03
1.8779e+03 -1.5873e+02 1.7120e-03
1.8813e+03 -1.5869e+02 1.7129e-03
1.8847e+03 -1.5866e+02 1.7139e-03
1.8881e+03 -1.5863e+02 1.7148e-03
1.8915e+03 -1.5859e+02 1.7157e-03
1.8949e+03 -1.5856e+02 1.7166e-03
1.8983e+03 -1.5853e+02 1.7175e-03
1.9016e+03 -1.5849e+02 1.7184e-03
1.9050e+03 -1.5846e+02 1.7193e-03
1.9084e+03 -1.5843e+02 1.7202e-03
1.9118e+03 -1.5839e+02 1.7212e-03
1.9152e+03 -1.5836e+02 1.7221e-03
1.9186e+03 -1.5833e+02 1.7230e-03
1.9220e+03 -1.5829e+02 1.7239e-03
1.9254e+03 -1.5826e+02 1.7248e-03
1.9288e+03 -1.5823e+02 1.7258e-03
1.9322e+03 -1.5820e+02 1.7267e-03
1.9356e+03 -1.5816e+02 1.7276e-03
1.9390e+03 -1.5813e+02 1.7285e-03
1.9424e+03 -1.5810e+02 1.7295e-03
1.9458e+03 -1.5807e+02 1.7304e-03
1.9492e+03 -1.5803e+02 1.7313e-03
1.9526e+03 -1.5800e+02 1.7323e-03
1.9560e+03 -1.5797e+02 1.7332e-03
1.9594e+03 -1.5794e+02 1.7341e-03
1.9628e+03 -1.5790e+02 1.7351e-03
1.9662e+03 -1.5787e+02 1.7360e-03
1.9696e+03 -1.5784e+02 1.7369e-03
1.9730e+03 -1.5781e+02 1.7379e-03
1.9764e+03 -1.5777e+02 1.7388e-03
1.9798e+03 -1.5774e+02 1.7398e-03
1.9831e+03 -1.5771e+02 1.7407e-03
1.9865e+03 -1.5768e+02 1.7416e-03
1.9899e+03 -1.5765e+02 1.7426e-03
1.9933e+03 -1.5761e+02 1.7435e-03
1.9967e+03 -1.5758e+02 1.7445e-03
2.0001e+03 -1.5755e+02 1.7454e-03
2.0035e+03 -1.5752e+02 1.7464e-03
2.0069e+03 -1.5749e+02 1.7474e-03
2.0103e+03 -1.5745e+02 1.7483e-03
2.0137e+03 -1.5742e+02 1.7493e-03
2.0171e+03 -1.5739e+02 1.7502e-03
2.0205e+03 -1.5736e+02 1.7512e-03
2.0239e+03 -1.5733e+02 1.7521e-03
2.0273e+03 -1.5730e+02 1.7531e-03
2.0307e+03 -1.5726e+02 1.7541e-03
2.0341e+03 -1.5723e+02 1.7550e-03
2.0375e+03 -1.5720e+02 1.7560e-03
2.0409e+03 -1.5717e+02 1.7570e-03
2.0443e+03 -1.5714e+02 1.7579e-03
2.0477e+03 -1.5711e+02 1.7589e-03
2.0511e+03 -1.5708e+02 1.7599e-03
2.0545e+03 -1.5704e+02 1.7609e-03
2.0579e+03 -1.5701e+02 1.7618e-03
2.0613e+03 -1.5698e+02 1.7628e-03
2.0646e+03 -1.5695e+02 1.7638e-03
2.0680e+03 -1.5692e+02 1.7648e-03
2.0714e+03 -1.5689e+02 1.7658e-03
2.0748e+03 -1.5686e+02 1.7668e-03
2.0782e+03 -1.5683e+02 1.7677e-03
2.0816e+03 -1.5680e+02 1.7687e-03
2.0850e+03 -1.5676e+02 1.7697e-03
2.0884e+03 -1.5673e+02 1.7707e-03
2.0918e+03 -1.5670e+02 1.7717e-03
2.0952e+03 -1.5667e+02 1.7727e-03
2.0986e+03 -1.5664e+02 1.7737e-03
2.1020e+03 -1.5661e+02 1.7747e-03
2.1054e+03 -1.5658e+02 1.7757e-03
2.1088e+03 -1.5655e+02 1.7767e-03
2.1122e+03 -1.5652e+02 1.7777e-03
2.1156e+03 -1.5649e+02 1.7787e-03
2.1190e+03 -1.5646e+02 1.7797e-03
2.1224e+03 -1.5643e+02 1.7807e-03
2.1258e+03 -1.5640e+02 1.7817e-03
2.1292e+03 -1.5637e+02 1.7827e-03
2.1326e+03 -1.5634e+02 1.7838e-03
2.1360e+03 -1.5630e+02 1.7848e-03
2.1394e+03 -1.5627e+02 1.7858e-03
2.1428e+03 -1.5624e+02 1.7868e-03
2.1461e+03 -1.5621e+02 1.7878e-03
2.1495e+03 -1.5618e+02 1.7889e-03
2.1529e+03 -1.5615e+02 1.7899e-03
2.1563e+03 -1.5612e+02 1.7909e-03
2.1597e+03 -1.5609e+02 1.7919e-03
2.1631e+03 -1.5606e+02 1.7930e-03
2.1665e+03 -1.5603e+02 1.7940e-03
2.1699e+03 -1.5600e+02 1.7950e-03
2.1733e+03 -1.5597e+02 1.7961e-03
2.1767e+03 -1.5594e+02 1.7971e-03
2.1801e+03 -1.5591e+02 1.7981e-03
2.1835e+03 -1.5588e+02 1.7992e-03
2.1869e+03 -1.5585e+02 1.8002e-03
2.1903e+03 -1.5582e+02 1.8013e-03
2.1937e+03 -1.5579e+02 1.8023e-03
2.1971e+03 -1.5576e+02 1.8034e-03
2.2005e+03 -1.5573e+02 1.8044e-03
2.2039e+03 -1.5570e+02 1.8055e-03
2.2073e+03 -1.5567e+02 1.8065e-03
2.2107e+03 -1.5564e+02 1.8076e-03
2.2141e+03 -1.5561e+02 1.8087e-03
2.2175e+03 -1.5559e+02 1.8097e-03
2.2209e+03 -1.5556e+02 1.8108e-03
2.2242e+03 -1.5553e+02 1.8118e-03
2.2276e+03 -1.5550e+02 1.8129e-03
2.2310e+03 -1.5547e+02 1.8140e-03
2.2344e+03 -1.5544e+02 1.8151e-03
2.2378e+03 -1.5541e+02 1.8161e-03
2.2412e+03 -1.5538e+02 1.8172e-03
2.2446e+03 -1.5535e+02 1.8183e-03
2.2480e+03 -1.5532e+02 1.8194e-03
2.2514e+03 -1.5529e+02 1.8205e-03
2.2548e+03 -1.5526e+02 1.8215e-03
2.2582e+03 -1.5523e+02 1.8226e-03
2.2616e+03 -1.5520e+02 1.8237e-03
2.2650e+03 -1.5517e+02 1.8248e-03
2.2684e+03 -1.5515e+02 1.8259e-03
2.2718e+03 -1.5512e+02 1.8270e-03
2.2752e+03 -1.5509e+02 1.8281e-03
2.2786e+03 -1.5506e+02 1.8292e-03
2.2820e+03 -1.5503e+02 1.8303e-03
2.2854e+03 -1.5500e+02 1.8314e-03
2.2888e+03 -1.5497e+02 1.8325e-03
2.2922e+03 -1.5494e+02 1.8336e-03
2.2956e+03 -1.5491e+02 1.8347e-03
2.2990e+03 -1.5488e+02 1.8359e-03
2.3024e+03 -1.5486e+02 1.8370e-03
2.3057e+03 -1.5483e+02 1.8381e-03
2.3091e+03 -1.5480e+02 1.8392e-03
2.3125e+03 -1.5477e+02 1.8403e-03
2.3159e+03 -1.5474e+02 1.8415e-03
2.3193e+03 -1.5471e+02 1.8426e-03
2.3227e+03 -1.5468e+02 1.8437e-03
2.3261e+03 -1.5466e+02 1.8449e-03
2.3295e+03 -1.5463e+02 1.8460e-03
2.3329e+03 -1.5460e+02 1.8471e-03
2.3363e+03 -1.5457e+02 1.8483e-03
2.3397e+03 -1.5454e+02 1.8494e-03
2.3431e+03 -1.5451e+02 1.8506e-03
2.3465e+03 -1.5449e+02 1.8517e-03
2.3499e+03 -1.5446e+02 1.8529e-03
2.3533e+03 -1.5443e+02 1.8540e-03
2.3567e+03 -1.5440e+02 1.8552e-03
2.3601e+03 -1.5437e+02 1.8563e-03
2.3635e+03 -1.5434e+02 1.8575e-03
2.3669e+03 -1.5432e+02 1.8587e-03
2.3703e+03 -1.5429e+02 1.8598e-03
2.3737e+03 -1.5426e+02 1.8610e-03
2.3771e+03 -1.5423e+02 1.8622e-03
2.3805e+03 -1.5420e+02 1.8634e-03
2.3839e+03 -1.5418e+02 1.8645e-03
2.3872e+03 -1.5415e+02 1.8657e-03
2.3906e+03 -1.5412e+02 1.8669e-03
2.3940e+03 -1.5409e+02 1.8681e-03
2.3974e+03 -1.5406e+02 1.8693e-03
2.4008e+03 -1.5404e+02 1.8705e-03
2.4042e+03 -1.5401e+02 1.8717e-03
2.4076e+03 -1.5398e+02 1.8729e-03
2.4110e+03 -1.5395e+02 1.8741e-03
2.4144e+03 -1.5392e+02 1.8753e-03
2.4178e+03 -1.5390e+02 1.8765e-03
2.4212e+03 -1.5387e+02 1.8777e-03
2.4246e+03 -1.5384e+02 1.8789e-03
2.4280e+03 -1.5381e+02 1.8801e-03
2.4314e+03 -1.5379e+02 1.8814e-03
2.4348e+03 -1.5376e+02 1.8826e-03
2.4382e+03 -1.5373e+02 1.8838e-03
2.4416e+03 -1.5370e+02 1.8850e-03
2.4450e+03 -1.5368e+02 1.8863e-03
2.4484e+03 -1.5365e+02 1.8875e-03
2.4518e+03 -1.5362e+02 1.8887e-03
2.4552e+03 -1.5359e+02 1.8900e-03
2.4586e+03 -1.5357e+02 1.8912e-03
2.4620e+03 -1.5354e+02 1.8925e-03
2.4654e+03 -1.5351e+02 1.8937e-03
2.4687e+03 -1.5348e+02 1.8950e-03
2.4721e+03 -1.5346e+02 1.8963e-03
2.4755e+03 -1.5343e+02 1.8975e-03
2.4789e+03 -1.5340e+02 1.8988e-03
2.4823e+03 -1.5338e+02 1.9000e-03
2.4857e+03 -1.5335e+02 1.9013e-03
2.4891e+03 -1.5332e+02 1.9026e-03
2.4925e+03 -1.5329e+02 1.9039e-03
2.4959e+03 -1.5327e+02 1.9052e-03
2.4993e+03 -1.5324e+02 1.9064e-03
2.5027e+03 -1.5321e+02 1.9077e-03
2.5061e+03 -1.5319e+02 1.9090e-03
2.5095e+03 -1.5316e+02 1.9103e-03
2.5129e+03 -1.5313e+02 1.9116e-03
2.5163e+03 -1.5310e+02 1.9129e-03
2.5197e+03 -1.5308e+02 1.9142e-03
2.5231e+03 -1.5305e+02 1.9155e-03
2.5265e+03 -1.5302e+02 1.9169e-03
2.5299e+03 -1.5300e+02 1.9182e-03
2.5333e+03 -1.5297e+02 1.9195e-03
2.5367e+03 -1.5294e+02 1.9208e-03
2.5401e+03 -1.5292e+02 1.9222e-03
2.5435e+03 -1.5289e+02 1.9235e-03
2.5469e+03 -1.5286e+02 1.9248e-03
2.5502e+03 -1.5284e+02 1.9262e-03
2.5536e+03 -1.5281e+02 1.9275e-03
2.5570e+03 -1.5278e+02 1.9289e-03
2.5604e+03 -1.5276e+02 1.9302e-03
2.5638e+03 -1.5273e+02 1.9316e-03
2.5672e+03 -1.5270e+02 1.9329e-03
2.5706e+03 -1.5268e+02 1.9343e-03
2.5740e+03 -1.5265e+02 1.9357e-03
2.5774e+03 -1.5263e+02 1.9371e-03
2.5808e+03 -1.5260e+02 1.9384e-03
2.5842e+03 -1.5257e+02 1.9398e-03
2.5876e+03 -1.5255e+02 1.9412e-03
2.5910e+03 -1.5252e+02 1.9426e-03
2.5944e+03 -1.5249e+02 1.9440e-03
2.5978e+03 -1.5247e+02 1.9454e-03
2.6012e+03 -1.5244e+02 1.9468e-03
2.6046e+03 -1.5241e+02 1.9482e-03
2.6080e+03 -1.5239e+02 1.9496e-03
2.6114e+03 -1.5236e+02 1.9510e-03
2.6148e+03 -1.5234e+02 1.9525e-03
2.6182e+03 -1.5231e+02 1.9539e-03
2.6216e+03 -1.5228e+02 1.9553e-03
2.6250e+03 -1.5226e+02 1.9568e-03
2.6283e+03 -1.5223e+02 1.9582e-03
2.6317e+03 -1.5221e+02 1.9596e-03
2.6351e+03 -1.5218e+02 1.9611e-03
2.6385e+03 -1.5215e+02 1.9625e-03
2.6419e+03 -1.5213e+02 1.9640e-03
2.6453e+03 -1.5210e+02 1.9655e-03
2.6487e+03 -1.5208e+02 1.9669e-03
2.6521e+03 -1.5205e+02 1.9684e-03
2.6555e+03 -1.5203e+02 1.9699e-03
2.6589e+03 -1.5200e+02 1.9714e-03
2.6623e+03 -1.5197e+02 1.9729e-03
2.6657e+03 -1.5195e+02 1.9744e-03
2.6691e+03 -1.5192e+02 1.9759e-03
2.6725e+03 -1.5190e+02 1.9774e-03
2.6759e+03 -1.5187e+02 1.9789e-03
2.6793e+03 -1.5185e+02 1.9804e-03
2.6827e+03 -1.5182e+02 1.9819e-03
2.6861e+03 -1.5179e+02 1.9835e-03
2.6895e+03 -1.5177e+02 1.9850e-03
2.6929e+03 -1.5174e+02 1.9865e-03
2.6963e+03 -1.5172e+02 1.9881e-03
2.6997e+03 -1.5169e+02 1.9896e-03
2.7031e+03 -1.5167e+02 1.9912e-03
2.7065e+03 -1.5164e+02 1.9927e-03
2.7098e+03 -1.5162e+02 1.9943e-03
2.7132e+03 -1.5159e+02 1.9959e-03
2.7166e+03 -1.5156e+02 1.9975e-03
2.7200e+03 -1.5154e+02 1.9990e-03
2.7234e+03 -1.5151e+02 2.0006e-03
2.7268e+03 -1.5149e+02 2.0022e-03
2.7302e+03 -1.5146e+02 2.0038e-03
2.7336e+03 -1.5144e+02 2.0054e-03
2.7370e+03 -1.5141e+02 2.0070e-03
2.7404e+03 -1.5139e+02 2.0087e-03
2.7438e+03 -1.5136e+02 2.0103e-03
2.7472e+03 -1.5134e+02 2.0119e-03
2.7506e+03 -1.5131e+02 2.0136e-03
2.7540e+03 -1.5129e+02 2.0152e-03
2.7574e+03 -1.5126e+02 2.0169e-03
2.7608e+03 -1.5124e+02 2.0185e-03
2.7642e+03 -1.5121e+02 2.0202e-03
2.7676e+03 -1.5119e+02 2.0219e-03
2.7710e+03 -1.5116e+02 2.0236e-03
2.7744e+03 -1.5114e+02 2.0252e-03
2.7778e+03 -1.5111e+02 2.0269e-03
2.7812e+03 -1.5109e+02 2.0286e-03
2.7846e+03 -1.5106e+02 2.0303e-03
2.7880e+03 -1.5104e+02 2.0321e-03
2.7913e+03 -1.5101e+02 2.0338e-03
2.7947e+03 -1.5099e+02 2.0355e-03
2.7981e+03 -1.5096e+02 2.0373e-03
2.8015e+03 -1.5094e+02 2.0390e-03
2.8049e+03 -1.5091e+02 2.0408e-03
2.8083e+03 -1.5089e+02 2.0425e-03
2.8117e+03 -1.5087e+02 2.0443e-03
2.8151e+03 -1.5084e+02 2.0461e-03
2.8185e+03 -1.5082e+02 2.0478e-03
2.8219e+03 -1.5079e+02 2.0496e-03
2.8253e+03 -1.5077e+02 2.0514e-03
2.8287e+03 -1.5074e+02 2.0532e-03
2.8321e+03 -1.5072e+02 2.0551e-03
2.8355e+03 -1.5069e+02 2.0569e-03
2.8389e+03 -1.5067e+02 2.0587e-03
2.8423e+03 -1.5064e+02 2.0606e-03
2.8457e+03 -1.5062e+02 2.0624e-03
2.8491e+03 -1.5060e+02 2.0643e-03
2.8525e+03 -1.5057e+02 2.0661e-03
2.8559e+03 -1.5055e+02 2.0680e-03
2.8593e+03 -1.5052e+02 2.0699e-03
2.8627e+03 -1.5050e+02 2.0718e-03
2.8661e+03 -1.5047e+02 2.0737e-03
2.8695e+03 -1.5045e+02 2.0756e-03
2.8728e+03 -1.5043e+02 2.0775e-03
2.8762e+03 -1.5040e+02 2.0795e-03
2.8796e+03 -1.5038e+02 2.0814e-03
2.8830e+03 -1.5035e+02 2.0834e-03
2.8864e+03 -1.5033e+02 2.0853e-03
2.8898e+03 -1.5030e+02 2.0873e-03
2.8932e+03 -1.5028e+02 2.0893e-03
2.8966e+03 -1.5026e+02 2.0913e-03
2.9000e+03 -1.5023e+02 2.0933e-03
2.9034e+03 -1.5021e+02 2.0953e-03
2.9068e+03 -1.5018e+02 2.0973e-03
2.9102e+03 -1.5016e+02 2.0994e-03
2.9136e+03 -1.5014e+02 2.1014e-03
2.9170e+03 -1.5011e+02 2.1035e-03
2.9204e+03 -1.5009e+02 2.1055e-03
2.9238e+03 -1.5006e+02 2.1076e-03
2.9272e+03 -1.5004e+02 2.1097e-03
2.9306e+03 -1.5002e+02 2.1118e-03
2.9340e+03 -1.4999e+02 2.1139e-03
2.9374e+03 -1.4997e+02 2.1160e-03
2.9408e+03 -1.4995e+02 2.1182e-03
2.9442e+03 -1.4992e+02 2.1203e-03
2.9476e+03 -1.4990e+02 2.1225e-03
2.9510e+03 -1.4987e+02 2.1247e-03
2.9543e+03 -1.4985e+02 2.1269e-03
2.9577e+03 -1.4983e+02 2.1291e-03
2.9611e+03 -1.4980e+02 2.1313e-03
2.9645e+03 -1.4978e+02 2.1335e-03
2.9679e+03 -1.4976e+02 2.1357e-03
2.9713e+03 -1.4973e+02 2.1380e-03
2.9747e+03 -1.4971e+02 2.1403e-03
2.9781e+03 -1.4968e+02 2.1426e-03
2.9815e+03 -1.4966e+02 2.1449e-03
2.9849e+03 -1.4964e+02 2.1472e-03
2.9883e+03 -1.4961e+02 2.1495e-03
2.9917e+03 -1.4959e+02 2.1518e-03
2.9951e+03 -1.4957e+02 2.1542e-03
2.9985e+03 -1.4954e+02 2.1566e-03
3.0019e+03 -1.4952e+02 2.1590e-03
3.0053e+03 -1.4950e+02 2.1614e-03
3.0087e+03 -1.4947e+02 2.1638e-03
3.0121e+03 -1.4945e+02 2.1662e-03
3.0155e+03 -1.4943e+02 2.1687e-03
3.0189e+03 -1.4940e+02 2.1712e-03
3.0223e+03 -1.4938e+02 2.1736e-03
3.0257e+03 -1.4936e+02 2.1761e-03
3.0291e+03 -1.4933e+02 2.1787e-03
3.0324e+03 -1.4931e+02 2.1812e-03
3.0358e+03 -1.4929e+02 2.1838e-03
3.0392e+03 -1.4927e+02 2.1864e-03
3.0426e+03 -1.4924e+02 2.1890e-03
3.0460e+03 -1.4922e+02 2.1916e-03
3.0494e+03 -1.4920e+02 2.1942e-03
3.0528e+03 -1.4917e+02 2.1969e-03
3.0562e+03 -1.4915e+02 2.1995e-03
3.0596e+03 -1.4913e+02 2.2022e-03
3.0630e+03 -1.4910e+02 2.2050e-03
3.0664e+03 -1.4908e+02 2.2077e-03
3.0698e+03 -1.4906e+02 2.2105e-03
3.0732e+03 -1.4903e+02 2.2133e-03
3.0766e+03 -1.4901e+02 2.2161e-03
3.0800e+03 -1.4899e+02 2.2189e-03
3.0834e+03 -1.4897e+02 2.2217e-03
3.0868e+03 -1.4894e+02 2.2246e-03
3.0902e+03 -1.4892e+02 2.2275e-03
3.0936e+03 -1.4890e+02 2.2305e-03
3.0970e+03 -1.4888e+02 2.2334e-03
3.1004e+03 -1.4885e+02 2.2364e-03
3.1038e+03 -1.4883e+02 2.2394e-03
3.1072e+03 -1.4881e+02 2.2424e-03
3.1106e+03 -1.4878e+02 2.2455e-03
3.1139e+03 -1.4876e+02 2.2486e-03
3.1173e+03 -1.4874e+02 2.2517e-03
3.1207e+03 -1.4872e+02 2.2548e-03
3.1241e+03 -1.4869e+02 2.2580e-03
3.1275e+03 -1.4867e+02 2.2612e-03
3.1309e+03 -1.4865e+02 2.2645e-03
3.1343e+03 -1.4863e+02 2.2677e-03
3.1377e+03 -1.4860e+02 2.2710e-03
3.1411e+03 -1.4858e+02 2.2744e-03
3.1445e+03 -1.4856e+02 2.2778e-03
3.1479e+03 -1.4854e+02 2.2812e-03
3.1513e+03 -1.4851e+02 2.2846e-03
3.1547e+03 -1.4849e+02 2.2881e-03
3.1581e+03 -1.4847e+02 2.2916e-03
3.1615e+03 -1.4845e+02 2.2952e-03
3.1649e+03 -1.4842e+02 2.2988e-03
3.1683e+03 -1.4840e+02 2.3024e-03
3.1717e+03 -1.4838e+02 2.3061e-03
3.1751e+03 -1.4836e+02 2.3098e-03
3.1785e+03 -1.4834e+02 2.3136e-03
3.1819e+03 -1.4831e+02 2.3174e-03
3.1853e+03 -1.4829e+02 2.3212e-03
3.1887e+03 -1.4827e+02 2.3251e-03
3.1921e+03 -1.4825e+02 2.3291e-03
3.1954e+03 -1.4822e+02 2.3331e-03
3.1988e+03 -1.4820e+02 2.3372e-03
3.2022e+03 -1.4818e+02 2.3413e-03
3.2056e+03 -1.4816e+02 2.3455e-03
3.2090e+03 -1.4814e+02 2.3497e-03
3.2124e+03 -1.4811e+02 2.3540e-03
3.2158e+03 -1.4809e+02 2.3583e-03
3.2192e+03 -1.4807e+02 2.3627e-03
3.2226e+03 -1.4805e+02 2.3672e-03
3.2260e+03 -1.4803e+02 2.3717e-03
3.2294e+03 -1.4800e+02 2.3763e-03
3.2328e+03 -1.4798e+02 2.3810e-03
3.2362e+03 -1.4796e+02 2.3858e-03
3.2396e+03 -1.4794e+02 2.3906e-03
3.2430e+03 -1.4792e+02 2.3955e-03
3.2464e+03 -1.4789e+02 2.4005e-03
3.2498e+03 -1.4787e+02 2.4056e-03
3.2532e+03 -1.4785e+02 2.4108e-03
3.2566e+03 -1.4783e+02 2.4161e-03
3.2600e+03 -1.4781e+02 2.4214e-03
3.2634e+03 -1.4779e+02 2.4269e-03
3.2668e+03 -1.4776e+02 2.4325e-03
3.2702e+03 -1.4774e+02 2.4382e-03
3.2736e+03 -1.4772e+02 2.4440e-03
3.2769e+03 -1.4770e+02 2.4499e-03
3.2803e+03 -1.4768e+02 2.4560e-03
3.2837e+03 -1.4766e+02 2.4622e-03
3.2871e+03 -1.4763e+02 2.4685e-03
3.2905e+03 -1.4761e+02 2.4750e-03
3.2939e+03 -1.4759e+02 2.4817e-03
3.2973e+03 -1.4757e+02 2.4885e-03
3.3007e+03 -1.4755e+02 2.4955e-03
3.3041e+03 -1.4753e+02 2.5027e-03
3.3075e+03 -1.4751e+02 2.5100e-03
3.3109e+03 -1.4748e+02 2.5177e-03
3.3143e+03 -1.4746e+02 2.5255e-03
3.3177e+03 -1.4744e+02 2.5336e-03
3.3211e+03 -1.4742e+02 2.5419e-03
3.3245e+03 -1.4740e+02 2.5506e-03
3.3279e+03 -1.4738e+02 2.5595e-03
3.3313e+03 -1.4736e+02 2.5688e-03
3.3347e+03 -1.4734e+02 2.5785e-03
3.3381e+03 -1.4731e+02 2.5885e-03
3.3415e+03 -1.4729e+02 2.5991e-03
3.3449e+03 -1.4727e+02 2.6101e-03
3.3483e+03 -1.4725e+02 2.6217e-03
3.3517e+03 -1.4723e+02 2.6339e-03
3.3551e+03 -1.4721e+02 2.6469e-03
3.3584e+03 -1.4719e+02 2.6606e-03
3.3618e+03 -1.4717e+02 2.6754e-03
3.3652e+03 -1.4715e+02 2.6913e-03
3.3686e+03 -1.4712e+02 2.7086e-03
3.3720e+03 -1.4710e+02 2.7275e-03
3.3754e+03 -1.4708e+02 2.7487e-03
3.3788e+03 -1.4706e+02 2.7727e-03
3.3822e+03 -1.4704e+02 2.8006e-03
3.3856e+03 -1.4702e+02 2.8345e-03
3.3890e+03 -1.4700e+02 2.8784e-03
3.3924e+03 -1.4698e+02 2.9444e-03
3.3958e+03 -1.4696e+02 3.1918e-03
3.3958e+03 -1.4696e+02 3.1918e-03
3.3924e+03 -1.4698e+02 3.4868e-03
3.3890e+03 -1.4700e+02 3.5831e-03
3.3856e+03 -1.4702e+02 3.6522e-03
3.3822e+03 -1.4704e+02 3.7085e-03
3.3788e+03 -1.4706e+02 3.7571e-03
3.3754e+03 -1.4708e+02 3.8005e-03
3.3720e+03 -1.4710e+02 3.8402e-03
3.3686e+03 -1.4712e+02 3.8769e-03
3.3652e+03 -1.4715e+02 3.9113e-03
3.3618e+03 -1.4717e+02 3.9438e-03
3.3584e+03 -1.4719e+02 3.9747e-03
3.3551e+03 -1.4721e+02 4.0043e-03
3.3517e+03 -1.4723e+02 4.0327e-03
3.3483e+03 -1.4725e+02 4.0602e-03
3.3449e+03 -1.4727e+02 4.0867e-03
3.3415e+03 -1.4729e+02 4.1125e-03
3.3381e+03 -1.4731e+02 4.1375e-03
3.3347e+03 -1.4734e+02 4.1619e-03
3.3313e+03 -1.4736e+02 4.1858e-03
3.3279e+03 -1.4738e+02 4.2091e-03
3.3245e+03 -1.4740e+02 4.2319e-03
3.3211e+03 -1.4742e+02 4.2543e-03
3.3177e+03 -1.4744e+02 4.2763e-03
3.3143e+03 -1.4746e+02 4.2979e-03
3.3109e+03 -1.4748e+02 4.3191e-03
3.3075e+03 -1.4751e+02 4.3400e-03
3.3041e+03 -1.4753e+02 4.3607e-03
3.3007e+03 -1.4755e+02 4.3810e-03
3.2973e+03 -1.4757e+02 4.4011e-03
3.2939e+03 -1.4759e+02 4.4209e-03
3.2905e+03 -1.4761e+02 4.4405e-03
3.2871e+03 -1.4763e+02 4.4598e-03
3.2837e+03 -1.4766e+02 4.4790e-03
3.2803e+03 -1.4768e+02 4.4979e-03
3.2769e+03 -1.4770e+02 4.5167e-03
3.2736e+03 -1.4772e+02 4.5353e-03
3.2702e+03 -1.4774e+02 4.5537e-03
3.2668e+03 -1.4776e+02 4.5719e-03
3.2634e+03 -1.4779e+02 4.5900e-03
3.2600e+03 -1.4781e+02 4.6080e-03
3.2566e+03 -1.4783e+02 4.6258e-03
3.2532e+03 -1.4785e+02 4.6434e-03
3.2498e+03 -1.4787e+02 4.6610e-03
3.2464e+03 -1.4789e+02 4.6784e-03
3.2430e+03 -1.4792e+02 4.6957e-03
3.2396e+03 -1.4794e+02 4.7129e-03
3.2362e+03 -1.4796e+02 4.7300e-03
3.2328e+03 -1.4798e+02 4.7470e-03
3.2294e+03 -1.4800e+02 4.7639e-03
3.2260e+03 -1.4803e+02 4.7807e-03
3.2226e+03 -1.4805e+02 4.7974e-03
3.2192e+03 -1.4807e+02 4.8140e-03
3.2158e+03 -1.4809e+02 4.8305e-03
3.2124e+03 -1.4811e+02 4.8469e-03
3.2090e+03 -1.4814e+02 4.8633e-03
3.2056e+03 -1.4816e+02 4.8796e-03
3.2022e+03 -1.4818e+02 4.8958e-03
3.1988e+03 -1.4820e+02 4.9120e-03
3.1954e+03 -1.4822e+02 4.9281e-03
3.1921e+03 -1.4825e+02 4.9441e-03
3.1887e+03 -1.4827e+02 4.9601e-03
3.1853e+03 -1.4829e+02 4.9760e-03
3.1819e+03 -1.4831e+02 4.9918e-03
3.1785e+03 -1.4834e+02 5.0076e-03
3.1751e+03 -1.4836e+02 5.0233e-03
3.1717e+03 -1.4838e+02 5.0390e-03
3.1683e+03 -1.4840e+02 5.0546e-03
3.1649e+03 -1.4842e+02 5.0702e-03
3.1615e+03 -1.4845e+02 5.0858e-03
3.1581e+03 -1.4847e+02 5.1013e-03
3.1547e+03 -1.4849e+02 5.1167e-03
3.1513e+03 -1.4851e+02 5.1321e-03
3.1479e+03 -1.4854e+02 5.1475e-03
3.1445e+03 -1.4856e+02 5.1628e-03
3.1411e+03 -1.4858e+02 5.1781e-03
3.1377e+03 -1.4860e+02 5.1933e-03
3.1343e+03 -1.4863e+02 5.2086e-03
3.1309e+03 -1.4865e+02 5.2238e-03
3.1275e+03 -1.4867e+02 5.2389e-03
3.1241e+03 -1.4869e+02 5.2540e-03
3.1207e+03 -1.4872e+02 5.2691e-03
3.1173e+03 -1.4874e+02 5.2842e-03
3.1139e+03 -1.4876e+02 5.2992e-03
3.1106e+03 -1.4878e+02 5.3142e-03
3.1072e+03 -1.4881e+02 5.3292e-03
3.1038e+03 -1.4883e+02 5.3442e-03
3.1004e+03 -1.4885e+02 5.3591e-03
3.0970e+03 -1.4888e+02 5.3740e-03
3.0936e+03 -1.4890e+02 5.3889e-03
3.0902e+03 -1.4892e+02 5.4037e-03
3.0868e+03 -1.4894e+02 5.4186e-03
3.0834e+03 -1.4897e+02 5.4334e-03
3.0800e+03 -1.4899e+02 5.4482e-03
3.0766e+03 -1.4901e+02 5.4630e-03
3.0732e+03 -1.4903e+02 5.4778e-03
3.0698e+03 -1.4906e+02 5.4925e-03
3.0664e+03 -1.4908e+02 5.5072e-03
3.0630e+03 -1.4910e+02 5.5220e-03
3.0596e+03 -1.4913e+02 5.5367e-03
3.0562e+03 -1.4915e+02 5.5513e-03
3.0528e+03 -1.4917e+02 5.5660e-03
3.0494e+03 -1.4920e+02 5.5807e-03
3.0460e+03 -1.4922e+02 5.5953e-03
3.0426e+03 -1.4924e+02 5.6100e-03
3.0392e+03 -1.4927e+02 5.6246e-03
3.0358e+03 -1.4929e+02 5.6392e-03
3.0324e+03 -1.4931e+02 5.6538e-03
3.0291e+03 -1.4933e+02 5.6684e-03
3.0257e+03 -1.4936e+02 5.6830e-03
3.0223e+03 -1.4938e+02 5.6976e-03
3.0189e+03 -1.4940e+02 5.7122e-03
3.0155e+03 -1.4943e+02 5.7267e-03
3.0121e+03 -1.4945e+02 5.7413e-03
3.0087e+03 -1.4947e+02 5.7558e-03
3.0053e+03 -1.4950e+02 5.7704e-03
3.0019e+03 -1.4952e+02 5.7849e-03
2.9985e+03 -1.4954e+02 5.7995e-03
2.9951e+03 -1.4957e+02 5.8140e-03
2.9917e+03 -1.4959e+02 5.8285e-03
2.9883e+03 -1.4961e+02 5.8431e-03
2.9849e+03 -1.4964e+02 5.8576e-03
2.9815e+03 -1.4966e+02 5.8721e-03
2.9781e+03 -1.4968e+02 5.8866e-03
2.9747e+03 -1.4971e+02 5.9011e-03
2.9713e+03 -1.4973e+02 5.9157e-03
2.9679e+03 -1.4976e+02 5.9302e-03
2.9645e+03 -1.4978e+02 5.9447e-03
2.9611e+03 -1.4980e+02 5.9592e-03
2.9577e+03 -1.4983e+02 5.9737e-03
2.9543e+03 -1.4985e+02 5.9882e-03
2.9510e+03 -1.4987e+02 6.0028e-03
2.9476e+03 -1.4990e+02 6.0173e-03
2.9442e+03 -1.4992e+02 6.0318e-03
2.9408e+03 -1.4995e+02 6.0463e-03
2.9374e+03 -1.4997e+02 6.0608e-03
2.9340e+03 -1.4999e+02 6.0754e-03
2.9306e+03 -1.5002e+02 6.0899e-03
2.9272e+03 -1.5004e+02 6.1044e-03
2.9238e+03 -1.5006e+02 6.1190e-03
2.9204e+03 -1.5009e+02 6.1335e-03
2.9170e+03 -1.5011e+02 6.1480e-03
2.9136e+03 -1.5014e+02 6.1626e-03
2.9102e+03 -1.5016e+02 6.1772e-03
2.9068e+03 -1.5018e+02 6.1917e-03
2.9034e+03 -1.5021e+02 6.2063e-03
2.9000e+03 -1.5023e+02 6.2209e-03
2.8966e+03 -1.5026e+02 6.2354e-03
2.8932e+03 -1.5028e+02 6.2500e-03
2.8898e+03 -1.5030e+02 6.2646e-03
2.8864e+03 -1.5033e+02 6.2792e-03
2.8830e+03 -1.5035e+02 6.2938e-03
2.8796e+03 -1.5038e+02 6.3084e-03
2.8762e+03 -1.5040e+02 6.3231e-03
2.8728e+03 -1.5043e+02 6.3377e-03
2.8695e+03 -1.5045e+02 6.3523e-03
2.8661e+03 -1.5047e+02 6.3670e-03
2.8627e+03 -1.5050e+02 6.3816e-03
2.8593e+03 -1.5052e+02 6.3963e-03
2.8559e+03 -1.5055e+02 6.4110e-03
2.8525e+03 -1.5057e+02 6.4257e-03
2.8491e+03 -1.5060e+02 6.4404e-03
2.8457e+03 -1.5062e+02 6.4551e-03
2.8423e+03 -1.5064e+02 6.4698e-03
2.8389e+03 -1.5067e+02 6.4845e-03
2.8355e+03 -1.5069e+02 6.4993e-03
2.8321e+03 -1.5072e+02 6.5140e-03
2.8287e+03 -1.5074e+02 6.5288e-03
2.8253e+03 -1.5077e+02 6.5436e-03
2.8219e+03 -1.5079e+02 6.5583e-03
2.8185e+03 -1.5082e+02 6.5731e-03
2.8151e+03 -1.5084e+02 6.5880e-03
2.8117e+03 -1.5087e+02 6.6028e-03
2.8083e+03 -1.5089e+02 6.6176e-03
2.8049e+03 -1.5091e+02 6.6325e-03
2.8015e+03 -1.5094e+02 6.6473e-03
2.7981e+03 -1.5096e+02 6.6622e-03
2.7947e+03 -1.5099e+02 6.6771e-03
2.7913e+03 -1.5101e+02 6.6920e-03
2.7880e+03 -1.5104e+02 6.7069e-03
2.7846e+03 -1.5106e+02 6.7219e-03
2.7812e+03 -1.5109e+02 6.7368e-03
2.7778e+03 -1.5111e+02 6.7518e-03
2.7744e+03 -1.5114e+02 6.7668e-03
2.7710e+03 -1.5116e+02 6.7818e-03
2.7676e+03 -1.5119e+02 6.7968e-03
2.7642e+03 -1.5121e+02 6.8118e-03
2.7608e+03 -1.5124e+02 6.8269e-03
2.7574e+03 -1.5126e+02 6.8419e-03
2.7540e+03 -1.5129e+02 6.8570e-03
2.7506e+03 -1.5131e+02 6.8721e-03
2.7472e+03 -1.5134e+02 6.8872e-03
2.7438e+03 -1.5136e+02 6.9024e-03
2.7404e+03 -1.5139e+02 6.9175e-03
2.7370e+03 -1.5141e+02 6.9327e-03
2.7336e+03 -1.5144e+02 6.9479e-03
2.7302e+03 -1.5146e+02 6.9631e-03
2.7268e+03 -1.5149e+02 6.9783e-03
2.7234e+03 -1.5151e+02 6.9935e-03
2.7200e+03 -1.5154e+02 7.0088e-03
2.7166e+03 -1.5156e+02 7.0241e-03
2.7132e+03 -1.5159e+02 7.0394e-03
2.7098e+03 -1.5162e+02 7.0547e-03
2.7065e+03 -1.5164e+02 7.0700e-03
2.7031e+03 -1.5167e+02 7.0854e-03
2.6997e+03 -1.5169e+02 7.1007e-03
2.6963e+03 -1.5172e+02 7.1161e-03
2.6929e+03 -1.5174e+02 7.1316e-03
2.6895e+03 -1.5177e+02 7.1470e-03
2.6861e+03 -1.5179e+02 7.1625e-03
2.6827e+03 -1.5182e+02 7.1779e-03
2.6793e+03 -1.5185e+02 7.1934e-03
2.6759e+03 -1.5187e+02 7.2090e-03
2.6725e+03 -1.5190e+02 7.2245e-03
2.6691e+03 -1.5192e+02 7.2401e-03
2.6657e+03 -1.5195e+02 7.2556e-03
2.6623e+03 -1.5197e+02 7.2713e-03
2.6589e+03 -1.5200e+02 7.2869e-03
2.6555e+03 -1.5203e+02 7.3025e-03
2.6521e+03 -1.5205e+02 7.3182e-03
2.6487e+03 -1.5208e+02 7.3339e-03
2.6453e+03 -1.5210e+02 7.3496e-03
2.6419e+03 -1.5213e+02 7.3654e-03
2.6385e+03 -1.5215e+02 7.3812e-03
2.6351e+03 -1.5218e+02 7.3969e-03
2.6317e+03 -1.5221e+02 7.4128e-03
2.6283e+03 -1.5223e+02 7.4286e-03
2.6250e+03 -1.5226e+02 7.4445e-03
2.6216e+03 -1.5228e+02 7.4604e-03
2.6182e+03 -1.5231e+02 7.4763e-03
2.6148e+03 -1.5234e+02 7.4922e-03
2.6114e+03 -1.5236e+02 7.5082e-03
2.6080e+03 -1.5239e+02 7.5242e-03
2.6046e+03 -1.5241e+02 7.5402e-03
2.6012e+03 -1.5244e+02 7.5562e-03
2.5978e+03 -1.5247e+02 7.5723e-03
2.5944e+03 -1.5249e+02 7.5884e-03
2.5910e+03 -1.5252e+02 7.6045e-03
2.5876e+03 -1.5255e+02 7.6206e-03
2.5842e+03 -1.5257e+02 7.6368e-03
2.5808e+03 -1.5260e+02 7.6530e-03
2.5774e+03 -1.5263e+02 7.6692e-03
2.5740e+03 -1.5265e+02 7.6855e-03
2.5706e+03 -1.5268e+02 7.7018e-03
2.5672e+03 -1.5270e+02 7.7181e-03
2.5638e+03 -1.5273e+02 7.7344e-03
2.5604e+03 -1.5276e+02 7.7508e-03
2.5570e+03 -1.5278e+02 7.7672e-03
2.5536e+03 -1.5281e+02 7.7836e-03
2.5502e+03 -1.5284e+02 7.8000e-03
2.5469e+03 -1.5286e+02 7.8165e-03
2.5435e+03 -1.5289e+02 7.8330e-03
2.5401e+03 -1.5292e+02 7.8496e-03
2.5367e+03 -1.5294e+02 7.8661e-03
2.5333e+03 -1.5297e+02 7.8827e-03
2.5299e+03 -1.5300e+02 7.8993e-03
2.5265e+03 -1.5302e+02 7.9160e-03
2.5231e+03 -1.5305e+02 7.9327e-03
2.5197e+03 -1.5308e+02 7.9494e-03
2.5163e+03 -1.5310e+02 7.9661e-03
2.5129e+03 -1.5313e+02 7.9829e-03
2.5095e+03 -1.5316e+02 7.9997e-03
2.5061e+03 -1.5319e+02 8.0166e-03
2.5027e+03 -1.5321e+02 8.0334e-03
2.4993e+03 -1.5324e+02 8.0503e-03
2.4959e+03 -1.5327e+02 8.0673e-03
2.4925e+03 -1.5329e+02 8.0842e-03
2.4891e+03 -1.5332e+02 8.1012e-03
2.4857e+03 -1.5335e+02 8.1182e-03
2.4823e+03 -1.5338e+02 8.1353e-03
2.4789e+03 -1.5340e+02 8.1524e-03
2.4755e+03 -1.5343e+02 8.1695e-03
2.4721e+03 -1.5346e+02 8.1867e-03
2.4687e+03 -1.5348e+02 8.2039e-03
2.4654e+03 -1.5351e+02 8.2211e-03
2.4620e+03 -1.5354e+02 8.2383e-03
2.4586e+03 -1.5357e+02 8.2556e-03
2.4552e+03 -1.5359e+02 8.2730e-03
2.4518e+03 -1.5362e+02 8.2903e-03
2.4484e+03 -1.5365e+02 8.3077e-03
2.4450e+03 -1.5368e+02 8.3251e-03
2.4416e+03 -1.5370e+02 8.3426e-03
2.4382e+03 -1.5373e+02 8.3601e-03
2.4348e+03 -1.5376e+02 8.3776e-03
2.4314e+03 -1.5379e+02 8.3952e-03
2.4280e+03 -1.5381e+02 8.4128e-03
2.4246e+03 -1.5384e+02 8.4305e-03
2.4212e+03 -1.5387e+02 8.4481e-03
2.4178e+03 -1.5390e+02 8.4658e-03
2.4144e+03 -1.5392e+02 8.4836e-03
2.4110e+03 -1.5395e+02 8.5014e-03
2.4076e+03 -1.5398e+02 8.5192e-03
2.4042e+03 -1.5401e+02 8.5371e-03
2.4008e+03 -1.5404e+02 8.5550e-03
2.3974e+03 -1.5406e+02 8.5729e-03
2.3940e+03 -1.5409e+02 8.5909e-03
2.3906e+03 -1.5412e+02 8.6089e-03
2.3872e+03 -1.5415e+02 8.6269e-03
2.3839e+03 -1.5418e+02 8.6450e-03
2.3805e+03 -1.5420e+02 8.6631e-03
2.3771e+03 -1.5423e+02 8.6813e-03
2.3737e+03 -1.5426e+02 8.6995e-03
2.3703e+03 -1.5429e+02 8.7178e-03
2.3669e+03 -1.5432e+02 8.7360e-03
2.3635e+03 -1.5434e+02 8.7544e-03
2.3601e+03 -1.5437e+02 8.7727e-03
2.3567e+03 -1.5440e+02 8.7911e-03
2.3533e+03 -1.5443e+02 8.8096e-03
2.3499e+03 -1.5446e+02 8.8280e-03
2.3465e+03 -1.5449e+02 8.8466e-03
2.3431e+03 -1.5451e+02 8.8651e-03
2.3397e+03 -1.5454e+02 8.8837e-03
2.3363e+03 -1.5457e+02 8.9024e-03
2.3329e+03 -1.5460e+02 8.9211e-03
2.3295e+03 -1.5463e+02 8.9398e-03
2.3261e+03 -1.5466e+02 8.9586e-03
2.3227e+03 -1.5468e+02 8.9774e-03
2.3193e+03 -1.5471e+02 8.9962e-03
2.3159e+03 -1.5474e+02 9.0151e-03
2.3125e+03 -1.5477e+02 9.0341e-03
2.3091e+03 -1.5480e+02 9.0531e-03
2.3057e+03 -1.5483e+02 9.0721e-03
2.3024e+03 -1.5486e+02 9.0912e-03
2.2990e+03 -1.5488e+02 9.1103e-03
2.2956e+03 -1.5491e+02 9.1295e-03
2.2922e+03 -1.5494e+02 9.1487e-03
2.2888e+03 -1.5497e+02 9.1679e-03
2.2854e+03 -1.5500e+02 9.1872e-03
2.2820e+03 -1.5503e+02 9.2066e-03
2.2786e+03 -1.5506e+02 9.2259e-03
2.2752e+03 -1.5509e+02 9.2454e-03
2.2718e+03 -1.5512e+02 9.2648e-03
2.2684e+03 -1.5515e+02 9.2844e-03
2.2650e+03 -1.5517e+02 9.3039e-03
2.2616e+03 -1.5520e+02 9.3236e-03
2.2582e+03 -1.5523e+02 9.3432e-03
2.2548e+03 -1.5526e+02 9.3629e-03
2.2514e+03 -1.5529e+02 9.3827e-03
2.2480e+03 -1.5532e+02 9.4025e-03
2.2446e+03 -1.5535e+02 9.4224e-03
2.2412e+03 -1.5538e+02 9.4423e-03
2.2378e+03 -1.5541e+02 9.4622e-03
2.2344e+03 -1.5544e+02 9.4822e-03
2.2310e+03 -1.5547e+02 9.5023e-03
2.2276e+03 -1.5550e+02 9.5223e-03
2.2242e+03 -1.5553e+02 9.5425e-03
2.2209e+03 -1.5556e+02 9.5627e-03
2.2175e+03 -1.5559e+02 9.5829e-03
2.2141e+03 -1.5561e+02 9.6032e-03
2.2107e+03 -1.5564e+02 9.6236e-03
2.2073e+03 -1.5567e+02 9.6440e-03
2.2039e+03 -1.5570e+02 9.6644e-03
2.2005e+03 -1.5573e+02 9.6849e-03
2.1971e+03 -1.5576e+02 9.7055e-03
2.1937e+03 -1.5579e+02 9.7261e-03
2.1903e+03 -1.5582e+02 9.7467e-03
2.1869e+03 -1.5585e+02 9.7674e-03
2.1835e+03 -1.5588e+02 9.7882e-03
2.1801e+03 -1.5591e+02 9.8090e-03
2.1767e+03 -1.5594e+02 9.8299e-03
2.1733e+03 -1.5597e+02 9.8508e-03
2.1699e+03 -1.5600e+02 9.8718e-03
2.1665e+03 -1.5603e+02 9.8928e-03
2.1631e+03 -1.5606e+02 9.9139e-03
2.1597e+03 -1.5609e+02 9.9350e-03
2.1563e+03 -1.5612e+02 9.9562e-03
2.1529e+03 -1.5615e+02 9.9774e-03
2.1495e+03 -1.5618e+02 9.9987e-03
2.1461e+03 -1.5621e+02 1.0020e-02
2.1428e+03 -1.5624e+02 1.0042e-02
2.1394e+03 -1.5627e+02 1.0063e-02
2.1360e+03 -1.5630e+02 1.0085e-02
2.1326e+03 -1.5634e+02 1.0106e-02
2.1292e+03 -1.5637e+02 1.0128e-02
2.1258e+03 -1.5640e+02 1.0149e-02
2.1224e+03 -1.5643e+02 1.0171e-02
2.1190e+03 -1.5646e+02 1.0193e-02
2.1156e+03 -1.5649e+02 1.0215e-02
2.1122e+03 -1.5652e+02 1.0237e-02
2.1088e+03 -1.5655e+02 1.0259e-02
2.1054e+03 -1.5658e+02 1.0281e-02
2.1020e+03 -1.5661e+02 1.0303e-02
2.0986e+03 -1.5664e+02 1.0325e-02
2.0952e+03 -1.5667e+02 1.0347e-02
2.0918e+03 -1.5670e+02 1.0370e-02
2.0884e+03 -1.5673e+02 1.0392e-02
2.0850e+03 -1.5676e+02 1.0414e-02
2.0816e+03 -1.5680e+02 1.0437e-02
2.0782e+03 -1.5683e+02 1.0459e-02
2.0748e+03 -1.5686e+02 1.0482e-02
2.0714e+03 -1.5689e+02 1.0505e-02
2.0680e+03 -1.5692e+02 1.0527e-02
2.0646e+03 -1.5695e+02 1.0550e-02
2.0613e+03 -1.5698e+02 1.0573e-02
2.0579e+03 -1.5701e+02 1.0596e-02
2.0545e+03 -1.5704e+02 1.0619e-02
2.0511e+03 -1.5708e+02 1.0642e-02
2.0477e+03 -1.5711e+02 1.0665e-02
2.0443e+03 -1.5714e+02 1.0688e-02
2.0409e+03 -1.5717e+02 1.0711e-02
2.0375e+03 -1.5720e+02 1.0735e-02
2.0341e+03 -1.5723e+02 1.0758e-02
2.0307e+03 -1.5726e+02 1.0782e-02
2.0273e+03 -1.5730e+02 1.0805e-02
2.0239e+03 -1.5733e+02 1.0829e-02
2.0205e+03 -1.5736e+02 1.0852e-02
2.0171e+03 -1.5739e+02 1.0876e-02
2.0137e+03 -1.5742e+02 1.0900e-02
2.0103e+03 -1.5745e+02 1.0924e-02
2.0069e+03 -1.5749e+02 1.0947e-02
2.0035e+03 -1.5752e+02 1.0971e-02
2.0001e+03 -1.5755e+02 1.0996e-02
1.9967e+03 -1.5758e+02 1.1020e-02
1.9933e+03 -1.5761e+02 1.1044e-02
1.9899e+03 -1.5765e+02 1.1068e-02
1.9865e+03 -1.5768e+02 1.1092e-02
1.9831e+03 -1.5771e+02 1.1117e-02
1.9798e+03 -1.5774e+02 1.1141e-02
1.9764e+03 -1.5777e+02 1.1166e-02
1.9730e+03 -1.5781e+02 1.1190e-02
1.9696e+03 -1.5784e+02 1.1215e-02
1.9662e+03 -1.5787e+02 1.1240e-02
1.9628e+03 -1.5790e+02 1.1265e-02
1.9594e+03 -1.5794e+02 1.1290e-02
1.9560e+03 -1.5797e+02 1.1315e-02
1.9526e+03 -1.5800e+02 1.1340e-02
1.9492e+03 -1.5803e+02 1.1365e-02
1.9458e+03 -1.5807e+02 1.1390e-02
1.9424e+03 -1.5810e+02 1.1415e-02
1.9390e+03 -1.5813e+02 1.1441e-02
1.9356e+03 -1.5816e+02 1.1466e-02
1.9322e+03 -1.5820e+02 1.1492e-02
1.9288e+03 -1.5823e+02 1.1517e-02
1.9254e+03 -1.5826e+02 1.1543e-02
1.9220e+03 -1.5829e+02 1.1569e-02
1.9186e+03 -1.5833e+02 1.1595e-02
1.9152e+03 -1.5836e+02 1.1621e-02
1.9118e+03 -1.5839e+02 1.1647e-02
1.9084e+03 -1.5843e+02 1.1673e-02
1.9050e+03 -1.5846e+02 1.1699e-02
1.9016e+03 -1.5849e+02 1.1725e-02
1.8983e+03 -1.5853e+02 1.1751e-02
1.8949e+03 -1.5856e+02 1.1778e-02
1.8915e+03 -1.5859e+02 1.1804e-02
1.8881e+03 -1.5863e+02 1.1831e-02
1.8847e+03 -1.5866e+02 1.1858e-02
1.8813e+03 -1.5869e+02 1.1884e-02
1.8779e+03 -1.5873e+02 1.1911e-02
1.8745e+03 -1.5876e+02 1.1938e-02
1.8711e+03 -1.5879e+02 1.1965e-02
1.8677e+03 -1.5883e+02 1.1992e-02
1.8643e+03 -1.5886e+02 1.2019e-02
1.8609e+03 -1.5889e+02 1.2047e-02
1.8575e+03 -1.5893e+02 1.2074e-02
1.8541e+03 -1.5896e+02 1.2102e-02
1.8507e+03 -1.5899e+02 1.2129e-02
1.8473e+03 -1.5903e+02 1.2157e-02
1.8439e+03 -1.5906e+02 1.2184e-02
1.8405e+03 -1.5910e+02 1.2212e-02
1.8371e+03 -1.5913e+02 1.2240e-02
1.8337e+03 -1.5916e+02 1.2268e-02
1.8303e+03 -1.5920e+02 1.2296e-02
1.8269e+03 -1.5923e+02 1.2324e-02
1.8235e+03 -1.5927e+02 1.2353e-02
1.8201e+03 -1.5930e+02 1.2381e-02
1.8168e+03 -1.5933e+02 1.2409e-02
1.8134e+03 -1.5937e+02 1.2438e-02
1.8100e+03 -1.5940e+02 1.2467e-02
1.8066e+03 -1.5944e+02 1.2495e-02
1.8032e+03 -1.5947e+02 1.2524e-02
1.7998e+03 -1.5951e+02 1.2553e-02
1.7964e+03 -1.5954e+02 1.2582e-02
1.7930e+03 -1.5957e+02 1.2611e-02
1.7896e+03 -1.5961e+02 1.2640e-02
1.7862e+03 -1.5964e+02 1.2670e-02
1.7828e+03 -1.5968e+02 1.2699e-02
1.7794e+03 -1.5971e+02 1.2729e-02
1.7760e+03 -1.5975e+02 1.2758e-02
1.7726e+03 -1.5978e+02 1.2788e-02
1.7692e+03 -1.5982e+02 1.2818e-02
1.7658e+03 -1.5985e+02 1.2848e-02
1.7624e+03 -1.5989e+02 1.2878e-02
1.7590e+03 -1.5992e+02 1.2908e-02
1.7556e+03 -1.5996e+02 1.2938e-02
1.7522e+03 -1.5999e+02 1.2968e-02
1.7488e+03 -1.6003e+02 1.2999e-02
1.7454e+03 -1.6006e+02 1.3029e-02
1.7420e+03 -1.6010e+02 1.3060e-02
1.7386e+03 -1.6013e+02 1.3091e-02
1.7353e+03 -1.6017e+02 1.3122e-02
1.7319e+03 -1.6020e+02 1.3153e-02
1.7285e+03 -1.6024e+02 1.3184e-02
1.7251e+03 -1.6028e+02 1.3215e-02
1.7217e+03 -1.6031e+02 1.3246e-02
1.7183e+03 -1.6035e+02 1.3278e-02
1.7149e+03 -1.6038e+02 1.3309e-02
1.7115e+03 -1.6042e+02 1.3341e-02
1.7081e+03 -1.6045e+02 1.3373e-02
1.7047e+03 -1.6049e+02 1.3405e-02
1.7013e+03 -1.6053e+02 1.3437e-02
1.6979e+03 -1.6056e+02 1.3469e-02
1.6945e+03 -1.6060e+02 1.3501e-02
1.6911e+03 -1.6063e+02 1.3533e-02
1.6877e+03 -1.6067e+02 1.3566e-02
1.6843e+03 -1.6071e+02 1.3598e-02
1.6809e+03 -1.6074e+02 1.3631e-02
1.6775e+03 -1.6078e+02 1.3664e-02
1.6741e+03 -1.6081e+02 1.3697e-02
1.6707e+03 -1.6085e+02 1.3730e-02
1.6673e+03 -1.6089e+02 1.3763e-02
1.6639e+03 -1.6092e+02 1.3796e-02
1.6605e+03 -1.6096e+02 1.3830e-02
1.6572e+03 -1.6100e+02 1.3863e-02
1.6538e+03 -1.6103e+02 1.3897e-02
1.6504e+03 -1.6107e+02 1.3931e-02
1.6470e+03 -1.6111e+02 1.3965e-02
1.6436e+03 -1.6114e+02 1.3999e-02
1.6402e+03 -1.6118e+02 1.4033e-02
1.6368e+03 -1.6122e+02 1.4067e-02
1.6334e+03 -1.6125e+02 1.4101e-02
1.6300e+03 -1.6129e+02 1.4136e-02
1.6266e+03 -1.6133e+02 1.4171e-02
1.6232e+03 -1.6137e+02 1.4206e-02
1.6198e+03 -1.6140e+02 1.4240e-02
1.6164e+03 -1.6144e+02 1.4276e-02
1.6130e+03 -1.6148e+02 1.4311e-02
1.6096e+03 -1.6151e+02 1.4346e-02
1.6062e+03 -1.6155e+02 1.4382e-02
1.6028e+03 -1.6159e+02 1.4417e-02
1.5994e+03 -1.6163e+02 1.4453e-02
1.5960e+03 -1.6166e+02 1.4489e-02
1.5926e+03 -1.6170e+02 1.4525e-02
1.5892e+03 -1.6174e+02 1.4561e-02
1.5858e+03 -1.6178e+02 1.4597e-02
1.5824e+03 -1.6181e+02 1.4634e-02
1.5790e+03 -1.6185e+02 1.4671e-02
1.5757e+03 -1.6189e+02 1.4707e-02
1.5723e+03 -1.6193e+02 1.4744e-02
1.5689e+03 -1.6197e+02 1.4781e-02
1.5655e+03 -1.6200e+02 1.4818e-02
1.5621e+03 -1.6204e+02 1.4856e-02
1.5587e+03 -1.6208e+02 1.4893e-02
1.5553e+03 -1.6212e+02 1.4931e-02
1.5519e+03 -1.6216e+02 1.4969e-02
1.5485e+03 -1.6220e+02 1.5007e-02
1.5451e+03 -1.6223e+02 1.5045e-02
1.5417e+03 -1.6227e+02 1.5083e-02
1.5383e+03 -1.6231e+02 1.5121e-02
1.5349e+03 -1.6235e+02 1.5160e-02
1.5315e+03 -1.6239e+02 1.5199e-02
1.5281e+03 -1.6243e+02 1.5238e-02
1.5247e+03 -1.6247e+02 1.5277e-02
1.5213e+03 -1.6251e+02 1.5316e-02
1.5179e+03 -1.6254e+02 1.5355e-02
1.5145e+03 -1.6258e+02 1.5395e-02
1.5111e+03 -1.6262e+02 1.5434e-02
1.5077e+03 -1.6266e+02 1.5474e-02
1.5043e+03 -1.6270e+02 1.5514e-02
1.5009e+03 -1.6274e+02 1.5554e-02
1.4975e+03 -1.6278e+02 1.5595e-02
1.4942e+03 -1.6282e+02 1.5635e-02
1.4908e+03 -1.6286e+02 1.5676e-02
1.4874e+03 -1.6290e+02 1.5717e-02
1.4840e+03 -1.6294e+02 1.5758e-02
1.4806e+03 -1.6298e+02 1.5799e-02
1.4772e+03 -1.6302e+02 1.5840e-02
1.4738e+03 -1.6306e+02 1.5882e-02
1.4704e+03 -1.6310e+02 1.5923e-02
1.4670e+03 -1.6314e+02 1.5965e-02
1.4636e+03 -1.6318e+02 1.6007e-02
1.4602e+03 -1.6322e+02 1.6050e-02
1.4568e+03 -1.6326e+02 1.6092e-02
1.4534e+03 -1.6330e+02 1.6135e-02
1.4500e+03 -1.6334e+02 1.6177e-02
1.4466e+03 -1.6338e+02 1.6220e-02
1.4432e+03 -1.6342e+02 1.6264e-02
1.4398e+03 -1.6346e+02 1.6307e-02
1.4364e+03 -1.6350e+02 1.6350e-02
1.4330e+03 -1.6354e+02 1.6394e-02
1.4296e+03 -1.6358e+02 1.6438e-02
1.4262e+03 -1.6362e+02 1.6482e-02
1.4228e+03 -1.6366e+02 1.6527e-02
1.4194e+03 -1.6370e+02 1.6571e-02
1.4160e+03 -1.6374e+02 1.6616e-02
1.4127e+03 -1.6378e+02 1.6661e-02
1.4093e+03 -1.6382e+02 1.6706e-02
1.4059e+03 -1.6387e+02 1.6751e-02
1.4025e+03 -1.6391e+02 1.6797e-02
1.3991e+03 -1.6395e+02 1.6842e-02
1.3957e+03 -1.6399e+02 1.6888e-02
1.3923e+03 -1.6403e+02 1.6934e-02
1.3889e+03 -1.6407e+02 1.6981e-02
1.3855e+03 -1.6411e+02 1.7027e-02
1.3821e+03 -1.6416e+02 1.7074e-02
1.3787e+03 -1.6420e+02 1.7121e-02
1.3753e+03 -1.6424e+02 1.7168e-02
1.3719e+03 -1.6428e+02 1.7216e-02
1.3685e+03 -1.6432e+02 1.7263e-02
1.3651e+03 -1.6437e+02 1.7311e-02
1.3617e+03 -1.6441e+02 1.7359e-02
1.3583e+03 -1.6445e+02 1.7407e-02
1.3549e+03 -1.6449e+02 1.7456e-02
1.3515e+03 -1.6453e+02 1.7505e-02
1.3481e+03 -1.6458e+02 1.7553e-02
1.3447e+03 -1.6462e+02 1.7603e-02
1.3413e+03 -1.6466e+02 1.7652e-02
1.3379e+03 -1.6470e+02 1.7702e-02
1.3345e+03 -1.6475e+02 1.7752e-02
1.3312e+03 -1.6479e+02 1.7802e-02
1.3278e+03 -1.6483e+02 1.7852e-02
1.3244e+03 -1.6488e+02 1.7903e-02
1.3210e+03 -1.6492e+02 1.7954e-02
1.3176e+03 -1.6496e+02 1.8005e-02
1.3142e+03 -1.6501e+02 1.8056e-02
1.3108e+03 -1.6505e+02 1.8107e-02
1.3074e+03 -1.6509e+02 1.8159e-02
1.3040e+03 -1.6514e+02 1.8211e-02
1.3006e+03 -1.6518e+02 1.8264e-02
1.2972e+03 -1.6522e+02 1.8316e-02
1.2938e+03 -1.6527e+02 1.8369e-02
1.2904e+03 -1.6531e+02 1.8422e-02
1.2870e+03 -1.6535e+02 1.8476e-02
1.2836e+03 -1.6540e+02 1.8529e-02
1.2802e+03 -1.6544e+02 1.8583e-02
1.2768e+03 -1.6549e+02 1.8637e-02
1.2734e+03 -1.6553e+02 1.8692e-02
1.2700e+03 -1.6557e+02 1.8746e-02
1.2666e+03 -1.6562e+02 1.8801e-02
1.2632e+03 -1.6566e+02 1.8857e-02
1.2598e+03 -1.6571e+02 1.8912e-02
1.2564e+03 -1.6575e+02 1.8968e-02
1.2531e+03 -1.6580e+02 1.9024e-02
1.2497e+03 -1.6584e+02 1.9080e-02
1.2463e+03 -1.6589e+02 1.9137e-02
1.2429e+03 -1.6593e+02 1.9194e-02
1.2395e+03 -1.6598e+02 1.9251e-02
1.2361e+03 -1.6602e+02 1.9309e-02
1.2327e+03 -1.6607e+02 1.9366e-02
1.2293e+03 -1.6611e+02 1.9424e-02
1.2259e+03 -1.6616e+02 1.9483e-02
1.2225e+03 -1.6620e+02 1.9542e-02
1.2191e+03 -1.6625e+02 1.9601e-02
1.2157e+03 -1.6629e+02 1.9660e-02
1.2123e+03 -1.6634e+02 1.9720e-02
1.2089e+03 -1.6639e+02 1.9780e-02
1.2055e+03 -1.6643e+02 1.9840e-02
1.2021e+03 -1.6648e+02 1.9900e-02
1.1987e+03 -1.6652e+02 1.9961e-02
1.1953e+03 -1.6657e+02 2.0023e-02
1.1919e+03 -1.6662e+02 2.0084e-02
1.1885e+03 -1.6666e+02 2.0146e-02
1.1851e+03 -1.6671e+02 2.0208e-02
1.1817e+03 -1.6676e+02 2.0271e-02
1.1783e+03 -1.6680e+02 2.0334e-02
1.1749e+03 -1.6685e+02 2.0397e-02
1.1716e+03 -1.6690e+02 2.0460e-02
1.1682e+03 -1.6694e+02 2.0524e-02
1.1648e+03 -1.6699e+02 2.0589e-02
1.1614e+03 -1.6704e+02 2.0653e-02
1.1580e+03 -1.6708e+02 2.0718e-02
1.1546e+03 -1.6713e+02 2.0783e-02
1.1512e+03 -1.6718e+02 2.0849e-02
1.1478e+03 -1.6723e+02 2.0915e-02
1.1444e+03 -1.6727e+02 2.0982e-02
1.1410e+03 -1.6732e+02 2.1048e-02
1.1376e+03 -1.6737e+02 2.1116e-02
1.1342e+03 -1.6742e+02 2.1183e-02
1.1308e+03 -1.6747e+02 2.1251e-02
1.1274e+03 -1.6751e+02 2.1319e-02
1.1240e+03 -1.6756e+02 2.1388e-02
1.1206e+03 -1.6761e+02 2.1457e-02
1.1172e+03 -1.6766e+02 2.1527e-02
1.1138e+03 -1.6771e+02 2.1596e-02
1.1104e+03 -1.6776e+02 2.1667e-02
1.1070e+03 -1.6781e+02 2.1737e-02
1.1036e+03 -1.6785e+02 2.1808e-02
1.1002e+03 -1.6790e+02 2.1880e-02
1.0968e+03 -1.6795e+02 2.1952e-02
1.0934e+03 -1.6800e+02 2.2024e-02
1.0901e+03 -1.6805e+02 2.2097e-02
1.0867e+03 -1.6810e+02 2.2170e-02
1.0833e+03 -1.6815e+02 2.2244e-02
1.0799e+03 -1.6820e+02 2.2318e-02
1.0765e+03 -1.6825e+02 2.2392e-02
1.0731e+03 -1.6830e+02 2.2467e-02
1.0697e+03 -1.6835e+02 2.2542e-02
1.0663e+03 -1.6840e+02 2.2618e-02
1.0629e+03 -1.6845e+02 2.2695e-02
1.0595e+03 -1.6850e+02 2.2771e-02
1.0561e+03 -1.6855e+02 2.2849e-02
1.0527e+03 -1.6860e+02 2.2926e-02
1.0493e+03 -1.6865e+02 2.3004e-02
1.0459e+03 -1.6870e+02 2.3083e-02
1.0425e+03 -1.6875e+02 2.3162e-02
1.0391e+03 -1.6881e+02 2.3242e-02
1.0357e+03 -1.6886e+02 2.3322e-02
1.0323e+03 -1.6891e+02 2.3402e-02
1.0289e+03 -1.6896e+02 2.3483e-02
1.0255e+03 -1.6901e+02 2.3565e-02
1.0221e+03 -1.6906e+02 2.3647e-02
1.0187e+03 -1.6911e+02 2.3730e-02
1.0153e+03 -1.6917e+02 2.3813e-02
1.0119e+03 -1.6922e+02 2.3896e-02
1.0086e+03 -1.6927e+02 2.3980e-02
1.0052e+03 -1.6932e+02 2.4065e-02
1.0018e+03 -1.6938e+02 2.4150e-02
9.9837e+02 -1.6943e+02 2.4236e-02
9.9497e+02 -1.6948e+02 2.4323e-02
9.9157e+02 -1.6953e+02 2.4409e-02
9.8818e+02 -1.6959e+02 2.4497e-02
9.8478e+02 -1.6964e+02 2.4585e-02
9.8139e+02 -1.6969e+02 2.4674e-02
9.7799e+02 -1.6975e+02 2.4763e-02
9.7459e+02 -1.6980e+02 2.4853e-02
9.7120e+02 -1.6985e+02 2.4943e-02
9.6780e+02 -1.6991e+02 2.5034e-02
9.6441e+02 -1.6996e+02 2.5125e-02
9.6101e+02 -1.7002e+02 2.5218e-02
9.5762e+02 -1.7007e+02 2.5310e-02
9.5422e+02 -1.7012e+02 2.5404e-02
9.5082e+02 -1.7018e+02 2.5498e-02
9.4743e+02 -1.7023e+02 2.5592e-02
9.4403e+02 -1.7029e+02 2.5688e-02
9.4064e+02 -1.7034e+02 2.5784e-02
9.3724e+02 -1.7040e+02 2.5880e-02
9.3385e+02 -1.7045e+02 2.5978e-02
9.3045e+02 -1.7051e+02 2.6076e-02
9.2705e+02 -1.7056e+02 2.6174e-02
9.2366e+02 -1.7062e+02 2.6274e-02
9.2026e+02 -1.7067e+02 2.6374e-02
9.1687e+02 -1.7073e+02 2.6474e-02
9.1347e+02 -1.7079e+02 2.6576e-02
9.1007e+02 -1.7084e+02 2.6678e-02
9.0668e+02 -1.7090e+02 2.6781e-02
9.0328e+02 -1.7096e+02 2.6884e-02
8.9989e+02 -1.7101e+02 2.6988e-02
8.9649e+02 -1.7107e+02 2.7094e-02
8.9310e+02 -1.7113e+02 2.7199e-02
8.8970e+02 -1.7118e+02 2.7306e-02
8.8630e+02 -1.7124e+02 2.7413e-02
8.8291e+02 -1.7130e+02 2.7521e-02
8.7951e+02 -1.7136e+02 2.7630e-02
8.7612e+02 -1.7141e+02 2.7740e-02
8.7272e+02 -1.7147e+02 2.7851e-02
8.6932e+02 -1.7153e+02 2.7962e-02
8.6593e+02 -1.7159e+02 2.8074e-02
8.6253e+02 -1.7165e+02 2.8187e-02
8.5914e+02 -1.7170e+02 2.8301e-02
8.5574e+02 -1.7176e+02 2.8416e-02
8.5235e+02 -1.7182e+02 2.8531e-02
8.4895e+02 -1.7188e+02 2.8648e-02
8.4555e+02 -1.7194e+02 2.8765e-02
8.4216e+02 -1.7200e+02 2.8883e-02
8.3876e+02 -1.7206e+02 2.9002e-02
8.3537e+02 -1.7212e+02 2.9122e-02
8.3197e+02 -1.7218e+02 2.9243e-02
8.2858e+02 -1.7224e+02 2.9365e-02
8.2518e+02 -1.7230e+02 2.9488e-02
8.2178e+02 -1.7236e+02 2.9612e-02
8.1839e+02 -1.7242e+02 2.9736e-02
8.1499e+02 -1.7248e+02 2.9862e-02
8.1160e+02 -1.7254e+02 2.9989e-02
8.0820e+02 -1.7260e+02 3.0117e-02
8.0480e+02 -1.7266e+02 3.0245e-02
8.0141e+02 -1.7273e+02 3.0375e-02
7.9801e+02 -1.7279e+02 3.0506e-02
7.9462e+02 -1.7285e+02 3.0638e-02
7.9122e+02 -1.7291e+02 3.0771e-02
7.8783e+02 -1.7297e+02 3.0905e-02
7.8443e+02 -1.7304e+02 3.1040e-02
7.8103e+02 -1.7310e+02 3.1176e-02
7.7764e+02 -1.7316e+02 3.1314e-02
7.7424e+02 -1.7322e+02 3.1452e-02
7.7085e+02 -1.7329e+02 3.1592e-02
7.6745e+02 -1.7335e+02 3.1733e-02
7.6406e+02 -1.7342e+02 3.1875e-02
7.6066e+02 -1.7348e+02 3.2018e-02
7.5726e+02 -1.7354e+02 3.2163e-02
7.5387e+02 -1.7361e+02 3.2308e-02
7.5047e+02 -1.7367e+02 3.2455e-02
7.4708e+02 -1.7374e+02 3.2604e-02
7.4368e+02 -1.7380e+02 3.2753e-02
7.4028e+02 -1.7387e+02 3.2904e-02
7.3689e+02 -1.7393e+02 3.3056e-02
7.3349e+02 -1.7400e+02 3.3209e-02
7.3010e+02 -1.7406e+02 3.3364e-02
7.2670e+02 -1.7413e+02 3.3520e-02
7.2331e+02 -1.7420e+02 3.3678e-02
7.1991e+02 -1.7426e+02 3.3837e-02
7.1651e+02 -1.7433e+02 3.3997e-02
7.1312e+02 -1.7440e+02 3.4159e-02
7.0972e+02 -1.7446e+02 3.4322e-02
7.0633e+02 -1.7453e+02 3.4487e-02
7.0293e+02 -1.7460e+02 3.4653e-02
6.9953e+02 -1.7467e+02 3.4821e-02
6.9614e+02 -1.7473e+02 3.4991e-02
6.9274e+02 -1.7480e+02 3.5162e-02
6.8935e+02 -1.7487e+02 3.5334e-02
6.8595e+02 -1.7494e+02 3.5508e-02
6.8256e+02 -1.7501e+02 3.5684e-02
6.7916e+02 -1.7508e+02 3.5862e-02
6.7576e+02 -1.7515e+02 3.6041e-02
6.7237e+02 -1.7522e+02 3.6222e-02
6.6897e+02 -1.7529e+02 3.6404e-02
6.6558e+02 -1.7536e+02 3.6589e-02
6.6218e+02 -1.7543e+02 3.6775e-02
6.5879e+02 -1.7550e+02 3.6963e-02
6.5539e+02 -1.7557e+02 3.7153e-02
6.5199e+02 -1.7564e+02 3.7345e-02
6.4860e+02 -1.7571e+02 3.7538e-02
6.4520e+02 -1.7579e+02 3.7734e-02
6.4181e+02 -1.7586e+02 3.7931e-02
6.3841e+02 -1.7593e+02 3.8131e-02
6.3501e+02 -1.7600e+02 3.8332e-02
6.3162e+02 -1.7608e+02 3.8536e-02
6.2822e+02 -1.7615e+02 3.8742e-02
6.2483e+02 -1.7622e+02 3.8950e-02
6.2143e+02 -1.7630e+02 3.9160e-02
6.1804e+02 -1.7637e+02 3.9372e-02
6.1464e+02 -1.7645e+02 3.9586e-02
6.1124e+02 -1.7652e+02 3.9803e-02
6.0785e+02 -1.7659e+02 4.0022e-02
6.0445e+02 -1.7667e+02 4.0243e-02
6.0106e+02 -1.7675e+02 4.0467e-02
5.9766e+02 -1.7682e+02 4.0693e-02
5.9427e+02 -1.7690e+02 4.0921e-02
5.9087e+02 -1.7697e+02 4.1152e-02
5.8747e+02 -1.7705e+02 4.1386e-02
5.8408e+02 -1.7713e+02 4.1622e-02
5.8068e+02 -1.7721e+02 4.1861e-02
5.7729e+02 -1.7728e+02 4.2102e-02
5.7389e+02 -1.7736e+02 4.2346e-02
5.7049e+02 -1.7744e+02 4.2593e-02
5.6710e+02 -1.7752e+02 4.2843e-02
5.6370e+02 -1.7760e+02 4.3095e-02
5.6031e+02 -1.7768e+02 4.3351e-02
5.5691e+02 -1.7776e+02 4.3609e-02
5.5352e+02 -1.7784e+02 4.3871e-02
5.5012e+02 -1.7792e+02 4.4135e-02
5.4672e+02 -1.7800e+02 4.4403e-02
5.4333e+02 -1.7808e+02 4.4674e-02
5.3993e+02 -1.7816e+02 4.4948e-02
5.3654e+02 -1.7825e+02 4.5225e-02
5.3314e+02 -1.7833e+02 4.5506e-02
5.2974e+02 -1.7841e+02 4.5790e-02
5.2635e+02 -1.7850e+02 4.6077e-02
5.2295e+02 -1.7858e+02 4.6368e-02
5.1956e+02 -1.7866e+02 4.6663e-02
5.1616e+02 -1.7875e+02 4.6962e-02
5.1277e+02 -1.7883e+02 4.7264e-02
5.0937e+02 -1.7892e+02 4.7570e-02
5.0597e+02 -1.7900e+02 4.7880e-02
5.0258e+02 -1.7909e+02 4.8194e-02
4.9918e+02 -1.7918e+02 4.8512e-02
4.9579e+02 -1.7926e+02 4.8834e-02
4.9239e+02 -1.7935e+02 4.9160e-02
4.8900e+02 -1.7944e+02 4.9491e-02
4.8560e+02 -1.7953e+02 4.9826e-02
4.8220e+02 -1.7962e+02 5.0165e-02
4.7881e+02 -1.7970e+02 5.0509e-02
4.7541e+02 -1.7979e+02 5.0858e-02
4.7202e+02 -1.7988e+02 5.1212e-02
4.6862e+02 -1.7997e+02 5.1570e-02
4.6522e+02 -1.8007e+02 5.1933e-02
4.6183e+02 -1.8016e+02 5.2302e-02
4.5843e+02 -1.8025e+02 5.2675e-02
4.5504e+02 -1.8034e+02 5.3054e-02
4.5164e+02 -1.8043e+02 5.3439e-02
4.4825e+02 -1.8053e+02 5.3829e-02
4.4485e+02 -1.8062e+02 5.4224e-02
4.4145e+02 -1.8072e+02 5.4626e-02
4.3806e+02 -1.8081e+02 5.5033e-02
4.3466e+02 -1.8091e+02 5.5446e-02
4.3127e+02 -1.8100e+02 5.5866e-02
4.2787e+02 -1.8110e+02 5.6292e-02
4.2448e+02 -1.8120e+02 5.6724e-02
4.2108e+02 -1.8130e+02 5.7163e-02
4.1768e+02 -1.8139e+02 5.7609e-02
4.1429e+02 -1.8149e+02 5.8061e-02
4.1089e+02 -1.8159e+02 5.8521e-02
4.0750e+02 -1.8169e+02 5.8988e-02
4.0410e+02 -1.8179e+02 5.9463e-02
4.0070e+02 -1.8190e+02 5.9945e-02
3.9731e+02 -1.8200e+02 6.0435e-02
3.9391e+02 -1.8210e+02 6.0933e-02
3.9052e+02 -1.8220e+02 6.1440e-02
3.8712e+02 -1.8231e+02 6.1955e-02
3.8373e+02 -1.8241e+02 6.2478e-02
3.8033e+02 -1.8252e+02 6.3011e-02
3.7693e+02 -1.8262e+02 6.3552e-02
3.7354e+02 -1.8273e+02 6.4103e-02
3.7014e+02 -1.8284e+02 6.4663e-02
3.6675e+02 -1.8295e+02 6.5234e-02
3.6335e+02 -1.8306e+02 6.5814e-02
3.5995e+02 -1.8317e+02 6.6405e-02
3.5656e+02 -1.8328e+02 6.7007e-02
3.5316e+02 -1.8339e+02 6.7620e-02
3.4977e+02 -1.8350e+02 6.8244e-02
3.4637e+02 -1.8361e+02 6.8879e-02
3.4298e+02 -1.8373e+02 6.9527e-02
3.3958e+02 -1.8384e+02 7.0187e-02
3.3618e+02 -1.8396e+02 7.0860e-02
3.3279e+02 -1.8407e+02 7.1546e-02
3.2939e+02 -1.8419e+02 7.2245e-02
3.2600e+02 -1.8431e+02 7.2958e-02
3.2260e+02 -1.8443e+02 7.3685e-02
3.1921e+02 -1.8455e+02 7.4427e-02
3.1581e+02 -1.8467e+02 7.5185e-02
3.1241e+02 -1.8479e+02 7.5958e-02
3.0902e+02 -1.8491e+02 7.6747e-02
3.0562e+02 -1.8504e+02 7.7553e-02
3.0223e+02 -1.8516e+02 7.8376e-02
2.9883e+02 -1.8529e+02 7.9217e-02
2.9543e+02 -1.8541e+02 8.0076e-02
2.9204e+02 -1.8554e+02 8.0954e-02
2.8864e+02 -1.8567e+02 8.1853e-02
2.8525e+02 -1.8580e+02 8.2771e-02
2.8185e+02 -1.8593e+02 8.3710e-02
2.7846e+02 -1.8606e+02 8.4672e-02
2.7506e+02 -1.8620e+02 8.5656e-02
2.7166e+02 -1.8633e+02 8.6663e-02
2.6827e+02 -1.8647e+02 8.7695e-02
2.6487e+02 -1.8661e+02 8.8752e-02
2.6148e+02 -1.8674e+02 8.9835e-02
2.5808e+02 -1.8688e+02 9.0945e-02
2.5469e+02 -1.8703e+02 9.2083e-02
2.5129e+02 -1.8717e+02 9.3251e-02
2.4789e+02 -1.8731e+02 9.4449e-02
2.4450e+02 -1.8746e+02 9.5679e-02
2.4110e+02 -1.8761e+02 9.6942e-02
2.3771e+02 -1.8775e+02 9.8240e-02
2.3431e+02 -1.8791e+02 9.9573e-02
2.3091e+02 -1.8806e+02 1.0094e-01
2.2752e+02 -1.8821e+02 1.0235e-01
2.2412e+02 -1.8837e+02 1.0380e-01
2.2073e+02 -1.8852e+02 1.0530e-01
2.1733e+02 -1.8868e+02 1.0683e-01
2.1394e+02 -1.8884e+02 1.0842e-01
2.1054e+02 -1.8901e+02 1.1005e-01
2.0714e+02 -1.8917e+02 1.1173e-01
2.0375e+02 -1.8934e+02 1.1347e-01
2.0035e+02 -1.8951e+02 1.1526e-01
1.9696e+02 -1.8968e+02 1.1712e-01
1.9356e+02 -1.8985e+02 1.1903e-01
1.9016e+02 -1.9003e+02 1.2101e-01
1.8677e+02 -1.9020e+02 1.2306e-01
1.8337e+02 -1.9038e+02 1.2518e-01
1.7998e+02 -1.9057e+02 1.2737e-01
1.7658e+02 -1.9075e+02 1.2965e-01
1.7319e+02 -1.9094e+02 1.3201e-01
1.6979e+02 -1.9113e+02 1.3447e-01
1.6639e+02 -1.9133e+02 1.3701e-01
1.6300e+02 -1.9152e+02 1.3966e-01
1.5960e+02 -1.9172e+02 1.4242e-01
1.5621e+02 -1.9193e+02 1.4529e-01
1.5281e+02 -1.9213e+02 1.4828e-01
1.4942e+02 -1.9234e+02 1.5141e-01
1.4602e+02 -1.9256e+02 1.5467e-01
1.4262e+02 -1.9277e+02 1.5808e-01
1.3923e+02 -1.9299e+02 1.6165e-01
1.3583e+02 -1.9322e+02 1.6538e-01
1.3244e+02 -1.9345e+02 1.6930e-01
1.2904e+02 -1.9368e+02 1.7342e-01
1.2564e+02 -1.9392e+02 1.7775e-01
1.2225e+02 -1.9417e+02 1.8231e-01
1.1885e+02 -1.9442e+02 1.8712e-01
1.1546e+02 -1.9467e+02 1.9220e-01
1.1206e+02 -1.9493e+02 1.9757e-01
1.0867e+02 -1.9520e+02 2.0327e-01
1.0527e+02 -1.9547e+02 2.0931e-01
1.0187e+02 -1.9575e+02 2.1574e-01
9.8478e+01 -1.9604e+02 2.2259e-01
9.5082e+01 -1.9633e+02 2.2991e-01
9.1687e+01 -1.9663e+02 2.3775e-01
8.8291e+01 -1.9694e+02 2.4616e-01
8.4895e+01 -1.9727e+02 2.5522e-01
8.1499e+01 -1.9760e+02 2.6500e-01
7.8103e+01 -1.9794e+02 2.7558e-01
7.4708e+01 -1.9829e+02 2.8709e-01
7.1312e+01 -1.9866e+02 2.9965e-01
6.7916e+01 -1.9904e+02 3.1340e-01
6.4520e+01 -1.9943e+02 3.2854e-01
6.1124e+01 -1.9984e+02 3.4528e-01
5.7729e+01 -2.0027e+02 3.6391e-01
5.4333e+01 -2.0072e+02 3.8476e-01
5.0937e+01 -2.0119e+02 4.0827e-01
4.7541e+01 -2.0169e+02 4.3499e-01
4.4145e+01 -2.0221e+02 4.6563e-01
4.0750e+01 -2.0277e+02 5.0116e-01
3.7354e+01 -2.0336e+02 5.4285e-01
3.3958e+01 -2.0400e+02 5.9252e-01
3.0562e+01 -2.0470e+02 6.5273e-01
2.7166e+01 -2.0545e+02 7.2733e-01
2.3771e+01 -2.0629e+02 8.2228e-01
2.0375e+01 -2.0722e+02 9.4745e-01
1.6979e+01 -2.0829e+02 1.1204e+00
1.3583e+01 -2.0955e+02 1.3758e+00
1.0187e+01 -2.1110e+02 1.7933e+00
6.7916e+00 -2.1314e+02 2.6070e+00
3.3958e+00 -2.1631e+02 4.9507e+00
